0 FILE desk-lamp.io
0 台灯
0 Name:  desk-lamp
0 Author:  LEGO Digital Designer 4.3
0 CustomBrick
0 NumOfBricks:  54
1 15 6.628230 -178.981400 398.259900 -0.454112 0.000000 -0.890945 -0.890945 0.000000 0.454112 0.000000 1.000000 0.000000 32524.dat
1 16 248.628100 -197.540500 398.259900 0.309013 0.951058 0.000000 -0.951058 0.309013 0.000000 0.000000 0.000000 1.000000 submodel group 1
1 16 10.000050 12.000020 399.999900 0.999998 0.000000 0.000000 0.000000 0.999998 0.000000 0.000000 0.000000 1.000000 submodel group 3
0 STEP
1 15 20.000030 25.999990 399.999900 0.000000 -0.999998 0.000000 0.999998 0.000000 0.000000 0.000000 0.000000 1.000000 18651.dat
1 16 20.000030 82.419910 399.999900 1.000000 0.000000 0.000000 0.000000 1.000000 0.000000 0.000000 0.000000 1.000000 submodel group 2
1 15 32.603400 -140.257700 397.949900 -0.514607 -0.000001 0.857426 -0.857426 0.000000 -0.514607 0.000001 -1.000000 -0.000001 32316.dat
1 16 -15.807640 30.646020 401.160000 -0.000001 0.167678 -0.985842 0.000000 0.985842 0.167678 1.000000 0.000000 0.000000 submodel group 4
0 STEP
1 16 66.683040 -126.928000 398.259800 0.951058 -0.309015 0.000000 0.309015 0.951058 0.000000 0.000000 0.000000 1.000000 submodel group 7
0 STEP
1 16 42.091620 16.737390 399.999900 0.897668 0.440668 0.000000 -0.440668 0.897668 0.000000 0.000000 0.000000 1.000000 submodel group 5
0 STEP
0 STEP
0 NOFILE
0 FILE SubModel Group 1
0 SubModel Group 1
0 Name:  SubModel Group 1
0 Author:  
0 CustomBrick
0 NumOfBricks:  4
1 15 0.000020 -188.000000 0.000000 1.000000 0.000000 0.000000 0.000000 1.000000 0.000000 0.000000 0.000000 1.000000 3960.dat
0 STEP
1 15 0.000020 -148.000000 0.000000 -1.000000 0.000000 0.000000 0.000000 1.000000 0.000000 0.000000 0.000000 -1.000000 47543.dat
0 STEP
1 15 0.000020 -172.000000 0.000000 1.000000 0.000000 0.000000 0.000000 1.000000 0.000000 0.000000 0.000000 1.000000 6222.dat
1 15 0.000020 -148.000000 0.000000 1.000000 0.000000 0.000000 0.000000 1.000000 0.000000 0.000000 0.000000 1.000000 47543.dat
0 STEP
0 NOFILE
0 FILE SubModel Group 3
0 SubModel Group 3
0 Name:  SubModel Group 3
0 Author:  
0 CustomBrick
0 NumOfBricks:  12
1 15 -30.000040 -6.000040 14.669980 0.000000 -1.000000 0.000000 1.000000 0.000000 0.000000 0.000000 0.000000 1.000000 32123a.dat
0 STEP
1 15 49.999960 -6.000020 -0.329990 1.000000 0.000000 0.000000 0.000000 1.000000 0.000000 0.000000 0.000000 1.000000 3713.dat
0 STEP
1 15 9.999969 -6.000000 24.669980 0.000000 0.000000 1.000000 -1.000000 0.000000 0.000000 0.000000 -1.000000 0.000000 32017.dat
1 15 10.000000 -6.000000 0.000000 0.000000 -1.000000 0.000000 0.000000 0.000000 -1.000000 1.000000 0.000000 0.000000 32184.dat
1 15 -10.000000 -6.000000 -13.640000 0.000000 0.000000 1.000000 -1.000000 0.000000 0.000000 0.000000 -1.000000 0.000000 6632.dat
1 15 -10.000000 -6.000000 14.310000 0.000000 0.000000 1.000000 -1.000000 0.000000 0.000000 0.000000 -1.000000 0.000000 6632.dat
1 15 9.999980 -6.000000 -24.020020 0.000000 0.000000 1.000000 -1.000000 0.000000 0.000000 0.000000 -1.000000 0.000000 32017.dat
1 15 -10.000040 -6.000010 -0.330020 0.000000 0.000000 -1.000000 0.000000 1.000000 0.000000 1.000000 0.000000 0.000000 24316.dat
1 15 29.999960 -6.000000 -0.330000 0.000000 0.000000 -1.000000 0.000000 1.000000 0.000000 1.000000 0.000000 0.000000 24316.dat
1 15 -30.000050 -6.000020 -0.330020 0.000000 0.000000 -1.000000 0.000000 1.000000 0.000000 1.000000 0.000000 0.000000 24316.dat
1 15 49.999960 -6.000000 -0.330000 0.000000 0.000000 -1.000000 0.000000 1.000000 0.000000 1.000000 0.000000 0.000000 24316.dat
1 15 -30.000040 -6.000020 -14.220020 0.000000 -1.000000 0.000000 1.000000 0.000000 0.000000 0.000000 0.000000 1.000000 32123a.dat
0 STEP
0 NOFILE
0 FILE SubModel Group 2
0 SubModel Group 2
0 Name:  SubModel Group 2
0 Author:  
0 CustomBrick
0 NumOfBricks:  12
1 15 0.000000 -20.000000 0.000000 1.000000 0.000000 0.000000 0.000000 1.000000 0.000000 0.000000 0.000000 1.000000 11213.dat
1 15 0.000000 -12.000000 -40.000000 1.000000 0.000000 0.000000 0.000000 1.000000 0.000000 0.000000 0.000000 1.000000 22888.dat
1 15 0.000000 -12.000000 40.000000 -1.000000 0.000000 0.000000 0.000000 1.000000 0.000000 0.000000 0.000000 -1.000000 22888.dat
1 15 0.000000 -20.000000 0.000000 1.000000 0.000000 0.000000 0.000000 1.000000 0.000000 0.000000 0.000000 1.000000 27507.dat
1 15 -0.000010 -20.000000 0.000030 0.000000 0.000000 1.000000 0.000000 1.000000 0.000000 -1.000000 0.000000 0.000000 27507.dat
1 15 0.000010 -20.000000 0.000020 -1.000000 0.000000 0.000000 0.000000 1.000000 0.000000 0.000000 0.000000 -1.000000 27507.dat
1 15 0.000020 -20.000000 0.000030 0.000000 0.000000 -1.000000 0.000000 1.000000 0.000000 1.000000 0.000000 0.000000 27507.dat
1 15 0.000000 -60.000000 0.000000 1.000000 0.000000 0.000000 0.000000 1.000000 0.000000 0.000000 0.000000 1.000000 3941.dat
1 15 0.000000 -68.000000 0.000000 1.000000 0.000000 0.000000 0.000000 1.000000 0.000000 0.000000 0.000000 1.000000 15535.dat
1 15 0.000000 -68.000000 0.000000 1.000000 0.000000 0.000000 0.000000 1.000000 0.000000 0.000000 0.000000 1.000000 4742.dat
1 15 0.000000 -36.000000 0.000000 1.000000 0.000000 0.000000 0.000000 1.000000 0.000000 0.000000 0.000000 1.000000 4032a.dat
1 15 0.000000 -28.000000 0.000000 1.000000 0.000000 0.000000 0.000000 1.000000 0.000000 0.000000 0.000000 1.000000 4032a.dat
0 NOFILE
0 FILE SubModel Group 4
0 SubModel Group 4
0 Name:  SubModel Group 4
0 Author:  
0 CustomBrick
0 NumOfBricks:  8
1 15 -1.490060 -85.000010 0.000340 0.000000 -1.000000 0.000000 0.000000 0.000000 1.000000 -1.000000 0.000000 0.000000 32524.dat
1 15 14.999960 -145.000000 0.000340 0.000000 -1.000000 0.000000 -1.000000 0.000000 0.000000 0.000000 0.000000 -1.000000 2905.dat
1 15 0.509930 -185.000000 0.000370 1.000000 0.000000 0.000000 0.000000 1.000000 0.000000 0.000000 0.000000 1.000000 24316.dat
1 15 -15.000030 -145.000000 0.000370 0.000000 -1.000000 0.000000 -1.000000 0.000000 0.000000 0.000000 0.000000 -1.000000 2905.dat
1 15 -25.000030 -145.000000 0.000340 0.000000 -1.000000 0.000000 0.000000 0.000000 1.000000 -1.000000 0.000000 0.000000 11478.dat
1 15 -1.490060 -145.000000 0.000360 -1.000000 0.000000 0.000000 0.000000 1.000000 0.000000 0.000000 0.000000 -1.000000 6558.dat
1 15 23.509940 -145.000000 0.000370 0.000000 -1.000000 0.000000 0.000000 0.000000 1.000000 -1.000000 0.000000 0.000000 11478.dat
1 15 0.509960 -105.000000 0.000370 1.000000 0.000000 0.000000 0.000000 1.000000 0.000000 0.000000 0.000000 1.000000 24316.dat
0 NOFILE
0 FILE SubModel Group 7
0 SubModel Group 7
0 Name:  SubModel Group 7
0 Author:  
0 CustomBrick
0 NumOfBricks:  7
1 15 -10.780100 -13.379930 20.000060 -1.000000 0.000000 0.000000 0.000000 0.000000 -1.000000 0.000000 -1.000000 0.000000 32140.dat
1 16 9.273490 -56.552980 -0.000030 -0.000002 1.000000 0.000000 -1.000000 -0.000002 0.000000 0.000000 0.000000 1.000000 submodel group 6
0 STEP
1 15 -10.780050 -13.379950 -20.000010 -1.000000 0.000000 0.000000 0.000000 0.000000 -1.000000 0.000000 -1.000000 0.000000 32140.dat
1 15 -30.780090 -73.379930 0.000050 0.000000 0.000000 1.000000 0.000000 1.000000 0.000000 -1.000000 0.000000 0.000000 6558.dat
1 15 -10.780090 -33.379930 0.000060 0.000000 0.000000 1.000000 0.000000 1.000000 0.000000 -1.000000 0.000000 0.000000 6558.dat
0 STEP
0 STEP
0 NOFILE
0 FILE SubModel Group 6
0 SubModel Group 6
0 Name:  SubModel Group 6
0 Author:  
0 CustomBrick
0 NumOfBricks:  3
1 15 16.826980 -20.053530 0.000030 1.000000 0.000000 0.000000 0.000000 0.000000 -1.000000 0.000000 1.000000 0.000000 87082.dat
1 15 -3.173010 -20.053540 0.000030 0.000000 1.000000 -0.000002 0.000000 0.000002 1.000000 1.000000 0.000000 -0.000001 87082.dat
0 STEP
1 15 16.826980 -20.053540 0.000090 0.000000 -0.642789 0.766043 0.000000 0.766043 0.642789 -1.000000 0.000000 0.000000 6558.dat
0 STEP
0 NOFILE
0 FILE SubModel Group 5
0 SubModel Group 5
0 Name:  SubModel Group 5
0 Author:  
0 CustomBrick
0 NumOfBricks:  8
1 15 20.807360 -141.747000 24.669990 1.000000 0.000000 0.000000 0.000000 0.000000 1.000000 0.000000 -1.000000 0.000000 6632.dat
1 15 20.807330 -61.747020 -15.179820 1.000000 0.000000 0.000000 0.000000 0.000000 1.000002 0.000000 -1.000002 0.000000 32065.dat
0 STEP
1 15 20.807330 -61.747000 14.670020 1.000000 0.000000 0.000000 0.000000 0.000000 1.000000 0.000000 -1.000000 0.000000 32065.dat
1 15 20.807360 -141.747000 1.669990 0.000000 0.000000 -1.000000 0.000000 1.000000 0.000000 1.000000 0.000000 0.000000 24316.dat
1 15 20.807380 -121.747000 -0.330030 0.000000 0.000000 1.000000 0.000000 1.000001 0.000000 -1.000001 0.000000 0.000000 6558.dat
1 15 20.807320 -101.746900 -0.330210 1.000000 0.000000 0.000000 0.000000 0.000000 -1.000000 0.000000 1.000000 0.000000 60483.dat
1 15 20.807360 -101.747000 1.669970 0.000000 0.000000 -1.000000 0.000000 1.000000 0.000000 1.000000 0.000000 0.000000 24316.dat
1 15 20.807390 -141.747000 -25.330030 1.000000 0.000000 0.000000 0.000000 0.000000 1.000000 0.000000 -1.000000 0.000000 6632.dat
0 STEP
0 STEP
0 NOFILE
