0 FILE castle-in-the-sky-music-box.io
0 Untitled Model
0 Name:  castle-in-the-sky-music-box
0 Author:  
0 CustomBrick
0 NumOfBricks:  291
0 STEP
0 STEP
0 STEP
0 STEP
0 STEP
0 STEP
0 STEP
1 16 280.000000 36.000000 -360.000000 1.000000 0.000000 0.000000 0.000000 1.000000 0.000000 0.000000 0.000000 1.000000 submodel group 14
0 STEP
0 STEP
0 STEP
0 STEP
0 STEP
0 STEP
0 STEP
0 STEP
1 16 280.000000 48.000000 -360.000000 1.000000 0.000000 0.000000 0.000000 1.000000 0.000000 0.000000 0.000000 1.000000 submodel group 13
1 16 280.000600 32.000000 -360.000700 1.000000 0.000000 0.000000 0.000000 1.000000 0.000000 0.000000 0.000000 1.000000 submodel group 15
1 16 280.000600 8.000000 -360.000700 1.000000 0.000000 0.000000 0.000000 1.000000 0.000000 0.000000 0.000000 1.000000 submodel group 15
1 19 230.000600 -64.000000 -310.000800 -0.707107 0.000000 0.707107 0.000000 1.000000 0.000000 -0.707107 0.000000 -0.707107 90195.dat
0 STEP
0 STEP
0 STEP
0 STEP
0 STEP
0 STEP
0 STEP
1 19 280.000600 -64.000000 -290.000600 -1.000000 0.000000 0.000001 0.000000 1.000000 0.000000 -0.000001 0.000000 -1.000000 90195.dat
1 19 280.000700 -64.000000 -430.001000 1.000000 0.000000 -0.000001 0.000000 1.000000 0.000000 0.000001 0.000000 1.000000 90195.dat
1 19 350.000200 -64.000000 -359.999800 -0.000001 0.000000 -1.000000 0.000000 1.000000 0.000000 1.000000 0.000000 -0.000001 90195.dat
1 19 330.000800 -64.000000 -410.000900 0.707107 0.000000 -0.707107 0.000000 1.000000 0.000000 0.707107 0.000000 0.707107 90195.dat
1 19 330.000000 -64.000000 -309.999800 -0.707107 0.000000 -0.707106 0.000000 1.000000 0.000000 0.707106 0.000000 -0.707107 90195.dat
1 72 279.999100 -88.000000 -360.001700 1.000000 0.000000 0.000000 0.000000 1.000000 0.000000 0.000000 0.000000 1.000000 85941.dat
1 72 279.999100 -88.000000 -360.001700 -1.000000 0.000000 0.000000 0.000000 1.000000 0.000000 0.000000 0.000000 -1.000000 85941.dat
1 19 187.071100 -24.000000 -298.788400 -0.707104 0.000000 0.707110 0.000000 1.000000 0.000000 -0.707110 0.000000 -0.707104 85984.dat
1 19 218.786400 -24.000000 -267.073200 -0.707104 0.000000 0.707110 0.000000 1.000000 0.000000 -0.707110 0.000000 -0.707104 85984.dat
1 19 169.999900 -24.000000 -340.001300 0.000000 0.000000 1.000000 0.000000 1.000000 0.000000 -1.000000 0.000000 0.000000 85984.dat
1 19 170.000100 -24.000000 -380.001400 0.000000 0.000000 1.000000 0.000000 1.000000 0.000000 -1.000000 0.000000 0.000000 85984.dat
1 28 341.213600 40.000000 -452.928900 -0.707108 0.000000 0.707106 0.000000 1.000000 0.000000 -0.707106 0.000000 -0.707108 60470a.dat
1 28 372.928400 40.000000 -421.214200 -0.707108 0.000000 0.707106 0.000000 1.000000 0.000000 -0.707105 0.000000 -0.707108 60470a.dat
1 28 218.785500 40.000000 -267.074000 0.707105 0.000000 -0.707105 0.000000 1.000000 0.000000 0.707105 0.000000 0.707105 60470a.dat
1 28 187.070900 40.000000 -298.788800 0.707105 0.000000 -0.707106 0.000000 1.000000 0.000000 0.707105 0.000000 0.707105 60470a.dat
1 28 372.928300 40.000000 -298.788600 0.707104 0.000000 0.707110 0.000000 1.000000 0.000000 -0.707110 0.000000 0.707104 60470a.dat
1 28 341.213700 40.000000 -267.073200 0.707103 0.000000 0.707109 0.000000 1.000000 0.000000 -0.707110 0.000000 0.707105 60470a.dat
1 28 187.071300 40.000000 -421.214900 -0.707104 0.000000 -0.707109 0.000000 1.000000 0.000000 0.707109 0.000000 -0.707104 60470a.dat
1 28 218.786100 40.000000 -452.931300 -0.707103 0.000000 -0.707106 0.000000 1.000000 0.000000 0.707108 0.000000 -0.707108 60470a.dat
1 28 249.999500 40.000000 -470.000600 1.000000 0.000000 0.000000 0.000000 1.000000 0.000000 0.000000 0.000000 1.000000 3024.dat
1 28 309.999400 40.000000 -470.000500 1.000000 0.000000 0.000000 0.000000 1.000000 0.000000 0.000000 0.000000 1.000000 3024.dat
1 28 389.999300 40.000000 -390.001100 1.000000 0.000000 0.000000 0.000000 1.000000 0.000000 0.000000 0.000000 1.000000 3024.dat
1 28 389.999200 40.000000 -330.001700 1.000000 0.000000 0.000000 0.000000 1.000000 0.000000 0.000000 0.000000 1.000000 3024.dat
1 28 309.999300 40.000000 -250.002200 1.000000 0.000000 0.000000 0.000000 1.000000 0.000000 0.000000 0.000000 1.000000 3024.dat
1 28 249.999500 40.000000 -250.002100 1.000000 0.000000 0.000000 0.000000 1.000000 0.000000 0.000000 0.000000 1.000000 3024.dat
1 28 169.999500 40.000000 -330.001400 1.000000 0.000000 0.000000 0.000000 1.000000 0.000000 0.000000 0.000000 1.000000 3024.dat
1 28 169.999800 40.000000 -390.000800 1.000000 0.000000 0.000000 0.000000 1.000000 0.000000 0.000000 0.000000 1.000000 3024.dat
1 70 279.999100 -96.000000 -360.001700 1.000000 0.000000 0.000000 0.000000 1.000000 0.000000 0.000000 0.000000 1.000000 60474.dat
1 16 290.000000 -120.000000 -360.000000 1.000000 0.000000 0.000000 0.000000 1.000000 0.000000 0.000000 0.000000 1.000000 t
1 19 330.000000 -88.000000 -309.999800 -0.707107 0.000000 -0.707106 0.000000 1.000000 0.000000 0.707106 0.000000 -0.707107 85984.dat
1 16 280.000800 -64.000000 -480.001000 0.000000 0.000000 -1.000000 0.000000 1.000000 0.000000 1.000000 0.000000 0.000000 submodel group 16
1 19 280.000800 -78.000000 -450.001000 0.000000 0.000000 1.000000 0.000000 1.000000 0.000000 -1.000000 0.000000 0.000000 6558.dat
1 16 280.002200 79.996200 -360.001700 1.000000 0.000000 0.000000 0.000000 1.000000 0.000000 0.000000 0.000000 1.000000 submodel group 18
1 28 279.999200 48.000000 -360.001600 1.000000 0.000000 0.000000 0.000000 1.000000 0.000000 0.000000 0.000000 1.000000 3832.dat
1 28 279.999100 48.000000 -400.001700 1.000000 0.000000 0.000000 0.000000 1.000000 0.000000 0.000000 0.000000 1.000000 3795.dat
1 28 279.999100 48.000000 -320.001700 1.000000 0.000000 0.000000 0.000000 1.000000 0.000000 0.000000 0.000000 1.000000 3795.dat
1 19 280.000700 -88.000000 -430.001000 1.000000 0.000000 0.000000 0.000000 1.000000 0.000000 0.000000 0.000000 1.000000 3700.dat
1 19 280.000700 -112.000000 -410.001000 1.000000 0.000000 0.000000 0.000000 1.000000 0.000000 0.000000 0.000000 1.000000 24309.dat
1 19 210.000500 -64.000000 -360.000900 0.000000 0.000000 1.000000 0.000000 1.000000 0.000000 -1.000000 0.000000 0.000000 90195.dat
1 19 330.000800 -88.000000 -410.000900 0.707104 0.000000 -0.707110 0.000000 1.000000 0.000000 0.707110 0.000000 0.707104 85984.dat
1 19 231.147800 -64.000000 -411.639300 0.707106 0.000000 0.707107 0.000000 1.000000 0.000000 -0.707107 0.000000 0.707106 90195.dat
1 19 210.000500 -88.000000 -360.000900 0.000001 0.000000 1.000000 0.000000 1.000000 0.000000 -1.000000 0.000000 0.000001 3700.dat
1 19 230.000700 -112.000000 -360.001200 0.000000 0.000000 1.000001 0.000000 1.000000 0.000000 -1.000001 0.000000 0.000000 24309.dat
1 19 280.000600 -88.000000 -290.000600 -1.000000 0.000000 0.000001 0.000000 1.000000 0.000000 -0.000001 0.000000 -1.000000 3700.dat
1 19 280.000100 -112.000000 -310.000800 -1.000000 0.000000 -0.000001 0.000000 1.000000 0.000000 0.000000 0.000000 -1.000000 24309.dat
1 19 350.000200 -88.000000 -359.999800 -0.000001 0.000000 -1.000000 0.000000 1.000000 0.000000 1.000000 0.000000 -0.000001 3700.dat
1 19 330.000000 -112.000000 -359.998800 0.000000 0.000000 -1.000000 0.000000 1.000000 0.000000 1.000001 0.000000 0.000000 24309.dat
1 19 230.000600 -88.000000 -310.000700 -0.707107 0.000000 0.707107 0.000000 1.000000 0.000000 -0.707107 0.000000 -0.707107 85984.dat
1 19 231.147700 -88.000000 -411.639300 0.707107 0.000000 0.707107 0.000000 1.000000 0.000000 -0.707107 0.000000 0.707107 85984.dat
1 19 372.928200 -24.000000 -298.788600 -0.707106 0.000000 -0.707108 0.000000 1.000000 0.000000 0.707108 0.000000 -0.707106 85984.dat
1 19 341.212200 -24.000000 -267.073300 -0.707106 0.000000 -0.707107 0.000000 1.000000 0.000000 0.707107 0.000000 -0.707106 85984.dat
1 19 187.070900 -24.000000 -421.214600 0.707104 0.000000 0.707110 0.000000 1.000000 0.000000 -0.707110 0.000000 0.707104 85984.dat
1 19 218.786200 -24.000000 -452.929400 0.707104 0.000000 0.707110 0.000000 1.000000 0.000000 -0.707110 0.000000 0.707104 85984.dat
1 19 259.999500 -24.000000 -470.000500 1.000000 0.000000 -0.000001 0.000000 1.000000 0.000000 0.000001 0.000000 1.000000 85984.dat
1 19 299.999400 -24.000000 -470.000400 1.000000 0.000000 -0.000001 0.000000 1.000000 0.000000 0.000001 0.000000 1.000000 85984.dat
1 19 372.928200 -24.000000 -421.214300 0.707102 0.000000 -0.707112 0.000000 1.000000 0.000000 0.707112 0.000000 0.707102 85984.dat
1 19 341.213200 -24.000000 -452.929500 0.707102 0.000000 -0.707112 0.000000 1.000000 0.000000 0.707112 0.000000 0.707102 85984.dat
1 19 389.999400 -24.000000 -380.001200 -0.000003 0.000000 -1.000000 0.000000 1.000000 0.000000 1.000000 0.000000 -0.000003 85984.dat
1 19 389.999200 -24.000000 -340.001800 -0.000003 0.000000 -1.000000 0.000000 1.000000 0.000000 1.000000 0.000000 -0.000003 85984.dat
1 19 299.999200 -24.000000 -250.002200 -1.000000 0.000000 -0.000003 0.000000 1.000000 0.000000 0.000003 0.000000 -1.000000 85984.dat
1 19 259.999500 -24.000000 -250.002100 -1.000000 0.000000 -0.000003 0.000000 1.000000 0.000000 0.000003 0.000000 -1.000000 85984.dat
1 19 330.000800 -88.000000 -410.000900 -0.707104 0.000000 0.707110 0.000000 1.000000 0.000000 -0.707110 0.000000 -0.707104 3700.dat
1 19 330.000000 -88.000000 -309.999800 -0.707107 0.000000 -0.707106 0.000000 1.000000 0.000000 0.707106 0.000000 -0.707107 3700.dat
1 19 230.000600 -88.000000 -310.000800 -0.707107 0.000000 0.707107 0.000000 1.000000 0.000000 -0.707107 0.000000 -0.707107 3700.dat
1 19 231.147700 -88.000000 -411.639300 0.707107 0.000000 0.707107 0.000000 1.000000 0.000000 -0.707107 0.000000 0.707107 3700.dat
1 19 170.000000 72.000000 -50.000000 1.000000 0.000000 0.000000 0.000000 1.000000 0.000000 0.000000 0.000000 1.000000 92438.dat
1 71 520.000000 61.000000 460.000000 -1.000000 0.000000 0.000000 0.000000 1.000000 0.000000 0.000000 0.000000 -1.000000 3894.dat
1 71 540.000000 -9.000000 440.000000 1.000000 0.000000 0.000000 0.000000 0.000000 1.000000 0.000000 -1.000000 0.000000 32526.dat
1 71 500.000100 10.999990 460.000200 0.000000 0.000000 -1.000000 -1.000000 0.000000 0.000000 0.000000 1.000000 0.000000 32316.dat
1 71 520.000100 -9.000000 420.000000 0.000000 0.000000 1.000000 -1.000000 0.000000 0.000000 0.000000 -1.000000 0.000000 32523.dat
1 1 540.000100 -9.000010 420.000000 0.000000 0.000000 1.000000 0.000000 1.000000 0.000000 -1.000000 0.000000 0.000000 6558.dat
1 1 540.000000 31.000000 420.000000 0.000000 0.000000 1.000000 0.000000 1.000000 0.000000 -1.000000 0.000000 0.000000 6558.dat
1 71 519.999900 31.000000 420.000000 0.000000 0.000000 1.000000 -1.000000 0.000000 0.000000 0.000000 -1.000000 0.000000 32523.dat
1 71 540.000000 -9.000010 400.000000 1.000000 0.000000 0.000000 0.000000 0.000000 1.000000 0.000000 -1.000000 0.000000 32526.dat
1 1 540.000000 71.000000 420.000000 0.000000 0.000000 1.000000 0.000000 1.000000 0.000000 -1.000000 0.000000 0.000000 6558.dat
1 1 580.000000 71.000000 420.000000 0.000000 0.000000 1.000000 0.000000 1.000000 0.000000 -1.000000 0.000000 0.000000 6558.dat
1 71 520.000000 71.000000 420.000000 0.000000 0.000000 1.000000 -1.000000 0.000000 0.000000 0.000000 -1.000000 0.000000 32524.dat
1 71 500.000100 -8.999949 399.999200 -1.000000 0.000000 0.000000 0.000000 0.000000 0.999997 0.000000 0.999997 0.000000 32526.dat
1 1 500.000100 -9.000000 420.000100 0.000000 0.000000 -1.000000 0.000000 1.000005 0.000000 1.000005 0.000000 0.000000 6558.dat
1 1 500.000200 31.000190 420.000100 0.000000 0.000000 -1.000000 0.000000 1.000005 0.000000 1.000005 0.000000 0.000000 6558.dat
1 1 500.000200 71.000340 420.000000 0.000000 0.000000 -1.000000 0.000000 1.000005 0.000000 1.000005 0.000000 0.000000 6558.dat
1 1 460.000200 71.000340 420.000000 0.000000 0.000000 -1.000000 0.000000 1.000005 0.000000 1.000005 0.000000 0.000000 6558.dat
1 71 500.000100 -9.000000 440.000200 -1.000000 0.000000 0.000000 0.000000 0.000000 1.000000 0.000000 1.000000 0.000000 32526.dat
1 0 500.000100 10.999990 450.000200 0.000000 0.000000 1.000000 0.000000 1.000000 0.000000 -1.000000 0.000000 0.000000 2780.dat
1 0 540.000000 11.000000 450.000000 0.000000 0.000000 1.000000 0.000000 1.000000 0.000000 -1.000000 0.000000 0.000000 2780.dat
1 0 560.000000 71.000000 450.000100 0.000000 0.000000 1.000000 0.000000 1.000000 0.000000 -1.000000 0.000000 0.000000 2780.dat
1 0 480.000000 71.000000 450.000000 0.000000 0.000000 1.000000 0.000000 1.000000 0.000000 -1.000000 0.000000 0.000000 2780.dat
1 0 480.000100 70.999820 389.999200 0.000000 0.000000 1.000000 0.000000 1.000000 0.000000 -1.000000 0.000000 0.000000 2780.dat
1 71 520.000100 61.000000 380.000000 -1.000000 0.000000 0.000000 0.000000 1.000000 0.000000 0.000000 0.000000 -1.000000 3894.dat
1 0 560.000100 71.000000 390.000100 0.000000 0.000000 1.000000 0.000000 1.000000 0.000000 -1.000000 0.000000 0.000000 2780.dat
1 16 520.000100 44.501050 410.499000 1.000000 0.000000 0.000000 0.000000 1.000000 0.000000 0.000000 0.000000 1.000000 submodel group 1
1 72 520.000100 11.500000 387.059900 -1.000000 0.000000 0.000000 0.000000 1.000000 0.000000 0.000000 0.000000 -1.000000 6589.dat
1 72 520.000100 -9.209990 359.500000 -1.000000 0.000000 0.000000 0.000000 0.000000 -1.000000 0.000000 -1.000000 0.000000 32198.dat
1 16 520.000100 -33.137480 360.000000 1.000000 0.000000 0.000000 0.000000 1.000000 0.000000 0.000000 0.000000 1.000000 submodel group 2
1 71 520.000100 0.470010 360.000000 0.000000 1.000000 0.000000 -1.000000 0.000000 0.000000 0.000000 0.000000 1.000000 3706.dat
1 0 520.000100 11.000000 436.600000 0.000000 0.000000 1.000000 0.000000 1.000000 0.000000 -1.000000 0.000000 0.000000 3706.dat
1 14 520.000000 11.000000 474.780000 1.000000 0.000000 0.000000 0.000000 1.000000 0.000000 0.000000 0.000000 1.000000 32123a.dat
1 72 520.000000 11.000000 486.600000 0.000000 1.000000 0.000000 -1.000000 0.000000 0.000000 0.000000 0.000000 1.000000 3648b.dat
1 71 520.000100 50.470020 360.000000 0.000000 1.000000 0.000000 0.000000 0.000000 -1.000000 -1.000000 0.000000 0.000000 3713.dat
1 71 520.000100 -29.529990 360.000000 0.000000 1.000000 0.000000 0.000000 0.000000 -1.000000 -1.000000 0.000000 0.000000 3713.dat
1 71 520.000100 -67.530000 360.000000 1.000000 0.000000 0.000000 0.000000 1.000000 0.000000 0.000000 0.000000 1.000000 87580.dat
1 47 520.000100 -187.530000 360.000000 1.000000 0.000000 0.000000 0.000000 1.000000 0.000000 0.000000 0.000000 1.000000 2453b.dat
1 28 60.000000 64.000000 -110.000000 0.000000 0.000000 1.000000 0.000000 1.000000 0.000000 -1.000000 0.000000 0.000000 3794a.dat
1 28 70.000000 64.000000 0.000000 -1.000000 0.000000 0.000000 0.000000 1.000000 0.000000 0.000000 0.000000 -1.000000 3794a.dat
1 0 51.339750 59.000000 -105.000000 0.500000 0.000000 -0.866025 0.000000 1.000000 0.000000 0.866025 0.000000 0.500000 32449.dat
1 0 80.892760 59.000000 -16.773430 0.838672 0.000000 -0.544638 0.000000 1.000000 0.000000 0.544638 0.000000 0.838672 11478.dat
1 16 370.000000 165.533200 290.000000 1.000000 0.000000 0.000000 0.000000 1.000000 0.000000 0.000000 0.000000 1.000000 submodel group 19
1 47 299.999300 -16.000000 -240.002000 1.000000 0.000000 0.000000 0.000000 1.000000 0.000000 0.000000 0.000000 1.000000 60601.dat
1 47 259.999500 -16.000000 -240.002000 1.000000 0.000000 0.000000 0.000000 1.000000 0.000000 0.000000 0.000000 1.000000 60601.dat
1 47 280.000600 -64.000000 -280.000600 1.000000 0.000000 0.000000 0.000000 1.000000 0.000000 0.000000 0.000000 1.000000 60601.dat
1 47 337.071000 -64.000000 -302.928700 0.707107 0.000000 0.707106 0.000000 1.000000 0.000000 -0.707106 0.000000 0.707107 60601.dat
1 47 348.283800 -16.000000 -260.002400 0.707107 0.000000 0.707106 0.000000 1.000000 0.000000 -0.707106 0.000000 0.707107 60601.dat
1 47 379.999300 -16.000000 -291.717600 0.707107 0.000000 0.707106 0.000000 1.000000 0.000000 -0.707106 0.000000 0.707107 60601.dat
1 47 211.715300 -16.000000 -260.002200 0.707104 0.000000 -0.707109 0.000000 1.000000 0.000000 0.707109 0.000000 0.707104 60601.dat
1 47 179.999900 -16.000000 -291.717500 0.707104 0.000000 -0.707109 0.000000 1.000000 0.000000 0.707109 0.000000 0.707104 60601.dat
1 47 222.929600 -64.000000 -302.929800 0.707104 0.000000 -0.707109 0.000000 1.000000 0.000000 0.707109 0.000000 0.707104 60601.dat
1 47 159.999500 -16.000000 -340.001500 0.000001 0.000000 -1.000000 0.000000 1.000000 0.000000 1.000000 0.000000 0.000001 60601.dat
1 47 159.999600 -16.000000 -380.000800 0.000001 0.000000 -1.000000 0.000000 1.000000 0.000000 1.000000 0.000000 0.000001 60601.dat
1 47 200.000500 -64.000000 -360.000900 0.000001 0.000000 -1.000000 0.000000 1.000000 0.000000 1.000000 0.000000 0.000001 60601.dat
1 47 224.076700 -64.000000 -418.710400 -0.707107 0.000000 -0.707108 0.000000 1.000000 0.000000 0.707108 0.000000 -0.707107 60601.dat
1 47 180.000300 -16.000000 -428.285900 -0.707106 0.000000 -0.707107 0.000000 1.000000 0.000000 0.707107 0.000000 -0.707107 60601.dat
1 47 211.715100 -16.000000 -460.000800 -0.707106 0.000000 -0.707107 0.000000 1.000000 0.000000 0.707107 0.000000 -0.707107 60601.dat
1 47 259.999500 -16.000000 -480.000800 -1.000000 0.000000 0.000002 0.000000 1.000000 0.000000 -0.000002 0.000000 -1.000000 60601.dat
1 47 299.999400 -16.000000 -480.000300 -1.000000 0.000000 0.000002 0.000000 1.000000 0.000000 -0.000002 0.000000 -1.000000 60601.dat
1 47 280.000700 -64.000000 -440.001000 -1.000000 0.000000 0.000002 0.000000 1.000000 0.000000 -0.000002 0.000000 -1.000000 60601.dat
1 47 337.071800 -64.000000 -417.072000 -0.707107 0.000000 0.707107 0.000000 1.000000 0.000000 -0.707107 0.000000 -0.707107 60601.dat
1 47 348.284500 -16.000000 -460.000100 -0.707107 0.000000 0.707107 0.000000 1.000000 0.000000 -0.707107 0.000000 -0.707107 60601.dat
1 47 379.999500 -16.000000 -428.285300 -0.707107 0.000000 0.707107 0.000000 1.000000 0.000000 -0.707107 0.000000 -0.707107 60601.dat
1 47 399.999300 -16.000000 -380.001000 0.000003 0.000000 1.000000 0.000000 1.000000 0.000000 -1.000000 0.000000 0.000003 60601.dat
1 47 399.999300 -16.000000 -340.001600 0.000003 0.000000 1.000000 0.000000 1.000000 0.000000 -1.000000 0.000000 0.000003 60601.dat
1 47 360.000200 -64.000000 -359.999800 0.000003 0.000000 1.000000 0.000000 1.000000 0.000000 -1.000000 0.000000 0.000003 60601.dat
1 16 590.000000 84.000000 -420.000000 1.000000 0.000000 0.000000 0.000000 1.000000 0.000000 0.000000 0.000000 1.000000 submodel group 20
1 16 570.000000 84.000000 -420.000000 1.000000 0.000000 0.000000 0.000000 1.000000 0.000000 0.000000 0.000000 1.000000 submodel group 20
1 16 550.000000 84.000000 -420.000000 1.000000 0.000000 0.000000 0.000000 1.000000 0.000000 0.000000 0.000000 1.000000 submodel group 20
1 16 530.000000 84.000000 -420.000000 1.000000 0.000000 0.000000 0.000000 1.000000 0.000000 0.000000 0.000000 1.000000 submodel group 20
0 STEP
1 28 188.705900 42.000000 -394.566500 0.707109 0.707104 0.000000 0.000000 0.000000 1.000000 0.707104 -0.707109 0.000000 30374.dat
1 28 314.719400 41.999990 -268.863600 0.707109 0.707104 0.000000 0.000000 0.000000 1.000000 0.707104 -0.707109 0.000000 30374.dat
1 28 370.968800 42.000020 -394.889700 0.707105 -0.707109 0.000000 0.000000 0.000000 1.000000 -0.707109 -0.707105 0.000000 30374.dat
1 28 245.181100 42.000000 -268.963100 0.707105 -0.707109 0.000000 0.000000 0.000000 1.000000 -0.707109 -0.707105 0.000000 30374.dat
0 STEP
0 NOFILE
0 FILE SubModel Group 14
0 SubModel Group 14
0 Name:  SubModel Group 14
0 Author:  
0 CustomBrick
0 NumOfBricks:  48
1 16 -100.000500 0.000000 39.998500 0.999999 0.000000 0.000000 0.000000 1.000000 0.000000 -0.000001 0.000000 0.999994 submodel group 8
1 16 -100.000600 0.000000 -40.001100 0.999999 0.000000 0.000000 0.000000 1.000000 0.000000 -0.000001 0.000000 0.999994 submodel group 9
0 STEP
1 16 99.999200 0.000000 -40.001000 0.999999 0.000000 0.000000 0.000000 1.000000 0.000000 -0.000001 0.000000 0.999994 submodel group 10
0 STEP
1 16 39.999300 0.000000 -100.000700 0.707109 0.000000 0.707102 0.000000 1.000000 0.000000 -0.707099 0.000000 0.707104 submodel group 6
0 STEP
1 16 -40.000500 0.000000 -100.000700 0.707106 0.000000 -0.707106 0.000000 1.000000 0.000000 0.707101 0.000000 0.707104 submodel group 11
0 STEP
1 16 104.851900 0.000000 39.998000 0.000000 0.000000 0.999999 0.000000 1.000000 0.000000 -0.999994 0.000000 -0.000001 submodel group 5
0 STEP
1 16 -36.569000 0.000000 103.429300 0.999999 0.000000 0.000000 0.000000 1.000000 0.000000 -0.000001 0.000000 0.999994 submodel group 4
0 STEP
1 16 39.999200 0.000000 99.997890 0.707107 0.000000 -0.707104 0.000000 1.000000 0.000000 0.707100 0.000000 0.707104 submodel group 7
0 STEP
0 NOFILE
0 FILE SubModel Group 8
0 SubModel Group 8
0 Name:  SubModel Group 8
0 Author:  
0 CustomBrick
0 NumOfBricks:  6
1 19 0.000300 -60.000000 0.000000 -0.000002 0.000000 -1.000002 0.000000 1.000000 0.000000 1.000003 0.000000 0.000002 2429.dat
0 STEP
1 19 -10.000000 -52.000000 -20.000000 0.000000 0.000000 1.000000 0.000000 1.000000 0.000000 -1.000000 0.000000 0.000000 90195.dat
0 STEP
1 19 0.000000 -4.000000 0.000000 0.000000 0.000000 -1.000000 0.000000 1.000000 0.000000 1.000000 0.000000 0.000000 2429.dat
0 STEP
1 19 0.000600 -60.000000 -0.000100 0.707105 0.000000 -0.707108 0.000000 1.000000 0.000000 0.707108 0.000000 0.707105 2430.dat
0 STEP
1 19 7.071500 -52.000000 21.213200 -0.707106 0.000000 0.707108 0.000000 1.000000 0.000000 -0.707109 0.000000 -0.707105 90195.dat
0 STEP
1 19 0.000300 -4.000000 -0.000300 0.707106 0.000000 -0.707108 0.000000 1.000000 0.000000 0.707109 0.000000 0.707105 2430.dat
0 STEP
0 NOFILE
0 FILE SubModel Group 9
0 SubModel Group 9
0 Name:  SubModel Group 9
0 Author:  
0 CustomBrick
0 NumOfBricks:  6
1 19 0.000700 -60.000000 -0.000200 -0.000002 0.000000 -1.000002 0.000000 1.000000 0.000000 1.000002 0.000000 0.000002 2430.dat
0 STEP
1 19 -9.999800 -52.000000 20.000500 0.000000 0.000000 1.000000 0.000000 1.000000 0.000000 -1.000000 0.000000 0.000000 90195.dat
0 STEP
1 19 0.000300 -4.000000 0.000400 0.000000 0.000000 -1.000000 0.000000 1.000000 0.000000 1.000000 0.000000 0.000000 2430.dat
0 STEP
1 19 0.000400 -60.000000 -0.000400 -0.707105 0.000000 -0.707107 0.000000 1.000000 0.000000 0.707107 0.000000 -0.707105 2429.dat
0 STEP
1 19 7.072000 -52.000000 -21.213900 0.707106 0.000000 0.707107 0.000000 1.000000 0.000000 -0.707107 0.000000 0.707106 90195.dat
0 STEP
1 19 0.000900 -4.000000 -0.000700 -0.707106 0.000000 -0.707107 0.000000 1.000000 0.000000 0.707107 0.000000 -0.707106 2429.dat
0 STEP
0 NOFILE
0 FILE SubModel Group 10
0 SubModel Group 10
0 Name:  SubModel Group 10
0 Author:  
0 CustomBrick
0 NumOfBricks:  6
1 19 0.000300 -60.000000 -0.000100 0.000004 0.000000 1.000000 0.000000 1.000000 0.000000 -1.000000 0.000000 0.000004 2429.dat
0 STEP
1 19 10.000100 -52.000000 20.000000 -0.000004 0.000000 -1.000000 0.000000 1.000000 0.000000 1.000000 0.000000 -0.000004 90195.dat
0 STEP
1 19 0.000200 -4.000000 -0.000100 0.000004 0.000000 1.000000 0.000000 1.000000 0.000000 -1.000000 0.000000 0.000004 2429.dat
0 STEP
1 19 0.000100 -60.000000 -0.000100 -0.707103 0.000000 0.707110 0.000000 1.000000 0.000000 -0.707110 0.000000 -0.707103 2430.dat
0 STEP
1 19 -7.070900 -52.000000 -21.213400 0.707103 0.000000 -0.707110 0.000000 1.000000 0.000000 0.707110 0.000000 0.707103 90195.dat
0 STEP
1 19 0.000100 -4.000000 -0.000100 -0.707103 0.000000 0.707110 0.000000 1.000000 0.000000 -0.707111 0.000000 -0.707103 2430.dat
0 STEP
0 NOFILE
0 FILE SubModel Group 6
0 SubModel Group 6
0 Name:  SubModel Group 6
0 Author:  
0 CustomBrick
0 NumOfBricks:  6
1 19 0.000600 -60.000000 0.000600 0.000000 0.000000 1.000000 0.000000 1.000000 0.000000 -1.000000 0.000000 0.000000 2429.dat
0 STEP
1 19 10.000300 -52.000000 20.001200 0.000001 0.000000 -0.999999 0.000000 1.000000 0.000000 0.999999 0.000000 -0.000002 90195.dat
0 STEP
1 19 0.000300 -4.000000 0.001200 -0.000001 0.000000 0.999999 0.000000 1.000000 0.000000 -0.999999 0.000000 0.000001 2429.dat
0 STEP
1 19 0.000100 -60.000000 0.000100 -0.707115 0.000000 0.707098 0.000000 1.000000 0.000000 -0.707099 0.000000 -0.707113 2430.dat
0 STEP
1 19 -7.071200 -52.000000 -21.213000 0.707115 0.000000 -0.707098 0.000000 1.000000 0.000000 0.707099 0.000000 0.707113 90195.dat
0 STEP
1 19 0.000100 -4.000000 0.000100 -0.707115 0.000000 0.707098 0.000000 1.000000 0.000000 -0.707099 0.000000 -0.707113 2430.dat
0 STEP
0 NOFILE
0 FILE SubModel Group 11
0 SubModel Group 11
0 Name:  SubModel Group 11
0 Author:  
0 CustomBrick
0 NumOfBricks:  6
1 19 0.000000 -60.000000 0.000200 0.000001 0.000000 -1.000003 0.000000 1.000000 0.000000 1.000000 0.000000 0.000000 2430.dat
0 STEP
1 19 -10.000200 -52.000000 20.000000 0.000000 0.000000 1.000000 0.000000 1.000000 0.000000 -1.000000 0.000000 -0.000001 90195.dat
0 STEP
1 19 0.000000 -4.000000 0.000200 0.000000 0.000000 -1.000003 0.000000 1.000000 0.000000 1.000000 0.000000 0.000000 2430.dat
0 STEP
1 19 0.000100 -60.000000 0.000100 -0.707107 0.000000 -0.707107 0.000000 1.000000 0.000000 0.707106 0.000000 -0.707108 2429.dat
0 STEP
1 19 7.071000 -52.000000 -21.213300 0.707108 0.000000 0.707106 0.000000 1.000000 0.000000 -0.707106 0.000000 0.707108 90195.dat
0 STEP
1 19 0.000000 -4.000000 0.000000 -0.707107 0.000000 -0.707106 0.000000 1.000000 0.000000 0.707106 0.000000 -0.707107 2429.dat
0 STEP
0 NOFILE
0 FILE SubModel Group 5
0 SubModel Group 5
0 Name:  SubModel Group 5
0 Author:  
0 CustomBrick
0 NumOfBricks:  6
1 19 -0.000200 -60.000000 -4.852600 1.000000 0.000000 0.000000 0.000000 1.000000 0.000000 0.000000 0.000000 1.000000 2430.dat
0 STEP
1 19 19.999800 -52.000000 5.147400 -1.000000 0.000000 0.000000 0.000000 1.000000 0.000000 0.000000 0.000000 -1.000000 90195.dat
0 STEP
1 19 -0.000200 -4.000000 -4.852600 1.000000 0.000000 0.000000 0.000000 1.000000 0.000000 0.000000 0.000000 1.000000 2430.dat
0 STEP
1 19 -0.000300 -60.000000 -4.852600 0.707108 0.000000 -0.707106 0.000000 1.000000 0.000000 0.707106 0.000000 0.707108 2429.dat
0 STEP
1 19 -21.213500 -52.000000 -11.923700 -0.707107 0.000000 0.707106 0.000000 1.000000 0.000000 -0.707106 0.000000 -0.707107 90195.dat
0 STEP
1 19 -0.000300 -4.000000 -4.852600 0.707108 0.000000 -0.707106 0.000000 1.000000 0.000000 0.707106 0.000000 0.707108 2429.dat
0 STEP
0 NOFILE
0 FILE SubModel Group 4
0 SubModel Group 4
0 Name:  SubModel Group 4
0 Author:  
0 CustomBrick
0 NumOfBricks:  6
1 19 -3.431500 -60.000000 -3.431300 1.000000 0.000000 -0.000002 0.000000 1.000000 0.000000 0.000002 0.000000 1.000000 2430.dat
0 STEP
1 19 16.568500 -52.000000 6.568800 -1.000000 0.000000 0.000003 0.000000 1.000000 0.000000 -0.000003 0.000000 -1.000000 90195.dat
0 STEP
1 19 -3.431500 -4.000000 -3.431300 1.000000 0.000000 -0.000003 0.000000 1.000000 0.000000 0.000003 0.000000 1.000000 2430.dat
0 STEP
1 19 -3.431500 -60.000000 -3.431600 0.707106 0.000000 -0.707108 0.000000 1.000000 0.000000 0.707108 0.000000 0.707106 2429.dat
0 STEP
1 19 -24.644700 -52.000000 -10.502600 -0.707106 0.000000 0.707108 0.000000 1.000000 0.000000 -0.707108 0.000000 -0.707106 90195.dat
0 STEP
1 19 -3.431500 -4.000000 -3.431500 0.707106 0.000000 -0.707108 0.000000 1.000000 0.000000 0.707108 0.000000 0.707106 2429.dat
0 STEP
0 NOFILE
0 FILE SubModel Group 7
0 SubModel Group 7
0 Name:  SubModel Group 7
0 Author:  
0 CustomBrick
0 NumOfBricks:  6
1 19 -0.000100 -60.000000 0.000000 0.000000 0.000000 1.000000 0.000000 1.000000 0.000000 -1.000000 0.000000 0.000000 2430.dat
0 STEP
1 19 10.000100 -52.000000 -20.000500 0.000000 0.000000 -0.999998 0.000000 1.000000 0.000000 1.000000 0.000000 -0.000002 90195.dat
0 STEP
1 19 0.000000 -4.000000 -0.000500 0.000000 0.000000 0.999998 0.000000 1.000000 0.000000 -1.000000 0.000000 0.000002 2430.dat
0 STEP
1 19 -0.000100 -60.000000 0.000000 0.707106 0.000000 0.707108 0.000000 1.000000 0.000000 -0.707108 0.000000 0.707106 2429.dat
0 STEP
1 19 -7.071000 -52.000000 21.213300 -0.707106 0.000000 -0.707107 0.000000 1.000000 0.000000 0.707107 0.000000 -0.707106 90195.dat
0 STEP
1 19 -0.000100 -4.000000 0.000000 0.707106 0.000000 0.707108 0.000000 1.000000 0.000000 -0.707108 0.000000 0.707106 2429.dat
0 STEP
0 NOFILE
0 FILE SubModel Group 13
0 SubModel Group 13
0 Name:  SubModel Group 13
0 Author:  
0 CustomBrick
0 NumOfBricks:  10
1 28 -0.000800 -16.000000 -40.001800 1.000000 0.000000 0.000000 0.000000 1.000000 0.000000 0.000000 0.000000 1.000000 3795.dat
1 28 -0.000800 -16.000000 39.998200 1.000000 0.000000 0.000000 0.000000 1.000000 0.000000 0.000000 0.000000 1.000000 3795.dat
1 19 0.000100 -16.000000 -79.999800 1.000000 0.000000 0.000000 0.000000 1.000000 0.000000 0.000000 0.000000 1.000000 3022.dat
1 28 0.000100 -16.000000 80.000200 1.000000 0.000000 0.000000 0.000000 1.000000 0.000000 0.000000 0.000000 1.000000 3022.dat
1 16 0.000000 0.000000 0.000000 1.000000 0.000000 0.000000 0.000000 1.000000 0.000000 0.000000 0.000000 1.000000 submodel group 12
0 NOFILE
0 FILE SubModel Group 12
0 SubModel Group 12
0 Name:  SubModel Group 12
0 Author:  
0 CustomBrick
0 NumOfBricks:  6
1 28 0.000100 -8.000000 0.000200 0.000000 0.000000 1.000000 0.000000 1.000000 0.000000 -1.000000 0.000000 0.000000 2445.dat
1 28 -0.000900 -16.000000 -0.001700 1.000000 0.000000 0.000000 0.000000 1.000000 0.000000 0.000000 0.000000 1.000000 3832.dat
1 28 89.999200 -8.000000 -0.001600 1.000000 0.000000 0.000000 0.000000 1.000000 0.000000 0.000000 0.000000 1.000000 3021.dat
1 28 -90.000900 -8.000000 -0.001700 1.000000 0.000000 0.000000 0.000000 1.000000 0.000000 0.000000 0.000000 1.000000 3021.dat
1 28 -40.000900 -8.000000 -0.001800 0.000000 0.000000 1.000000 0.000000 1.000000 0.000000 -1.000000 0.000000 0.000000 3795.dat
1 28 39.999200 -8.000000 -0.001700 0.000000 0.000000 1.000000 0.000000 1.000000 0.000000 -1.000000 0.000000 0.000000 3795.dat
0 NOFILE
0 FILE SubModel Group 15
0 SubModel Group 15
0 Name:  SubModel Group 15
0 Author:  
0 CustomBrick
0 NumOfBricks:  4
1 28 0.000100 -24.000000 -0.000100 1.000002 0.000000 0.000000 0.000000 1.000000 0.000000 0.000000 0.000000 1.000002 48092.dat
1 28 -0.000500 -24.000000 0.000900 -0.000001 0.000000 -1.000000 0.000000 1.000000 0.000000 1.000000 0.000000 -0.000001 48092.dat
1 28 0.000100 -24.000000 -0.000100 0.000001 0.000000 1.000002 0.000000 1.000000 0.000000 -1.000002 0.000000 0.000001 48092.dat
1 28 0.000100 -24.000000 -0.000100 -1.000002 0.000000 0.000001 0.000000 1.000000 0.000000 -0.000001 0.000000 -1.000002 48092.dat
0 NOFILE
0 FILE t
0 t
0 Name:  t
0 Author:  
0 CustomBrick
0 NumOfBricks:  21
1 70 -10.000900 -24.000000 -0.001700 1.000000 0.000000 0.000000 0.000000 1.000000 0.000000 0.000000 0.000000 1.000000 92947.dat
1 288 -10.000900 -32.000000 -0.001700 1.000000 0.000000 0.000000 0.000000 1.000000 0.000000 0.000000 0.000000 1.000000 60474.dat
1 100009 -40.000000 -36.000000 10.000000 -1.000000 0.000000 0.000000 0.000000 1.000000 0.000000 0.000000 0.000000 -1.000000 54200.dat
1 288 -20.000900 -56.000000 -10.001700 0.000000 0.000000 1.000000 0.000000 1.000000 0.000000 -1.000000 0.000000 0.000000 3040b.dat
1 288 -0.000900 -56.000000 -10.001700 0.000000 0.000000 -1.000000 0.000000 1.000000 0.000000 1.000000 0.000000 0.000000 3040b.dat
1 288 -10.000900 -56.000000 9.998300 1.000000 0.000000 0.000000 0.000000 1.000000 0.000000 0.000000 0.000000 1.000000 3004.dat
1 288 29.999100 -24.000000 9.998300 1.000000 0.000000 0.000000 0.000000 1.000000 0.000000 0.000000 0.000000 1.000000 28192.dat
1 288 -0.000900 -64.000000 9.998300 1.000000 0.000000 0.000000 0.000000 1.000000 0.000000 0.000000 0.000000 1.000000 3024.dat
1 100009 -0.000900 -64.000000 9.998300 -1.000000 0.000000 0.000000 0.000000 1.000000 0.000000 0.000000 0.000000 -1.000000 54200.dat
1 100009 -0.000900 -80.000000 -10.001700 1.000000 0.000000 0.000000 0.000000 1.000000 0.000000 0.000000 0.000000 1.000000 3040b.dat
1 288 -10.000900 -64.000000 -10.001700 -1.000000 0.000000 0.000000 0.000000 1.000000 0.000000 0.000000 0.000000 -1.000000 28192.dat
1 70 -10.000900 0.000000 -0.001700 1.000000 0.000000 0.000000 0.000000 1.000000 0.000000 0.000000 0.000000 1.000000 92947.dat
1 288 -20.000900 -16.000000 39.998300 0.000000 0.000000 -1.000000 0.000000 1.000000 0.000000 1.000000 0.000000 0.000000 28192.dat
1 100009 -0.000900 -32.000000 29.998300 -1.000000 0.000000 0.000000 0.000000 1.000000 0.000000 0.000000 0.000000 -1.000000 54200.dat
1 288 -0.000890 -32.000000 -40.001700 0.000000 0.000000 1.000000 0.000000 1.000000 0.000000 -1.000000 0.000000 0.000000 28192.dat
1 100009 19.999100 -40.000000 9.998300 1.000000 0.000000 0.000000 0.000000 1.000000 0.000000 0.000000 0.000000 1.000000 3024.dat
1 100009 -0.000900 -40.000000 -30.001700 1.000000 0.000000 0.000000 0.000000 1.000000 0.000000 0.000000 0.000000 1.000000 3024.dat
1 288 -0.000900 -48.000000 -30.001700 1.000000 0.000000 0.000000 0.000000 1.000000 0.000000 0.000000 0.000000 1.000000 3024.dat
1 288 -20.000900 -40.000000 -20.001700 0.000000 0.000000 1.000000 0.000000 1.000000 0.000000 -1.000000 0.000000 0.000000 28192.dat
1 288 -20.000900 -40.000000 19.998300 0.000000 0.000000 -1.000000 0.000000 1.000000 0.000000 1.000000 0.000000 0.000000 28192.dat
1 288 -20.000900 -16.000000 -40.001700 0.000000 0.000000 1.000000 0.000000 1.000000 0.000000 -1.000000 0.000000 0.000000 28192.dat
0 NOFILE
0 FILE SubModel Group 16
0 SubModel Group 16
0 Name:  SubModel Group 16
0 Author:  
0 CustomBrick
0 NumOfBricks:  4
1 19 0.000000 -24.000000 0.000000 1.000000 0.000000 0.000000 0.000000 1.000000 0.000000 0.000000 0.000000 1.000000 17485.dat
1 19 0.000000 -48.000000 0.000000 1.000000 0.000000 0.000000 0.000000 1.000000 0.000000 0.000000 0.000000 1.000000 3941.dat
1 19 0.000000 -72.000000 0.000000 1.000000 0.000000 0.000000 0.000000 1.000000 0.000000 0.000000 0.000000 1.000000 3941.dat
1 19 -0.000010 -120.000000 -0.000020 0.000000 0.000000 1.000000 0.000000 1.000000 0.000000 -1.000000 0.000000 0.000000 3942c.dat
0 NOFILE
0 FILE SubModel Group 18
0 SubModel Group 18
0 Name:  SubModel Group 18
0 Author:  
0 CustomBrick
0 NumOfBricks:  13
1 28 49.997000 -13.996200 0.000100 0.000000 -1.000000 0.000000 0.000000 0.000000 1.000000 -1.000000 0.000000 0.000000 87087.dat
1 28 0.000200 -14.000000 -50.000000 -1.000000 0.000000 0.000000 0.000000 0.000000 1.000000 0.000000 1.000000 0.000000 87087.dat
1 28 -0.000100 -13.997600 49.997100 1.000000 0.000000 0.000000 0.000000 0.000000 1.000000 0.000000 -1.000000 0.000000 87087.dat
1 28 -49.999500 -13.999200 -0.000100 0.000000 1.000000 0.000000 0.000000 0.000000 1.000000 1.000000 0.000000 0.000000 87087.dat
1 16 0.000000 0.000000 0.000000 1.000000 0.000000 0.000000 0.000000 1.000000 0.000000 0.000000 0.000000 1.000000 submodel group 17
0 NOFILE
0 FILE SubModel Group 17
0 SubModel Group 17
0 Name:  SubModel Group 17
0 Author:  
0 CustomBrick
0 NumOfBricks:  9
1 28 0.000100 -14.000000 -18.000000 0.000000 0.000000 1.000000 1.000000 0.000000 0.000000 0.000000 1.000000 0.000000 3024.dat
1 28 0.000200 -14.000000 -26.000000 0.000000 0.000000 -1.000000 -1.000000 0.000000 0.000000 0.000000 1.000000 0.000000 3024.dat
1 19 0.000000 -24.000000 0.000000 1.000000 0.000000 0.000000 0.000000 1.000000 0.000000 0.000000 0.000000 1.000000 4733.dat
1 28 -17.999900 -14.000000 0.000000 0.000000 1.000003 0.000000 1.000003 0.000000 0.000000 0.000000 0.000000 -1.000000 3024.dat
1 28 -25.999500 -13.999200 -0.000100 0.000000 1.000005 0.000000 -1.000005 0.000000 0.000000 0.000000 0.000000 1.000000 3024.dat
1 28 0.000000 -14.000000 18.000000 0.000000 0.000000 -1.000000 1.000000 -0.000001 0.000000 -0.000001 -1.000000 0.000000 3024.dat
1 28 -0.000100 -13.997600 25.997100 0.000000 0.000000 0.999999 -1.000006 0.000000 0.000000 0.000000 -1.000006 0.000000 3024.dat
1 28 18.000000 -14.000000 0.000000 0.000000 -1.000000 0.000000 1.000000 0.000000 0.000000 0.000000 0.000000 1.000000 3024.dat
1 28 25.997100 -13.996100 0.000100 0.000000 -1.000009 0.000000 -1.000010 0.000000 0.000000 0.000000 0.000000 -0.999999 3024.dat
0 NOFILE
0 FILE SubModel Group 1
0 SubModel Group 1
0 Name:  SubModel Group 1
0 Author:  
0 CustomBrick
0 NumOfBricks:  3
1 0 0.000000 -33.501050 -0.498960 1.000000 0.000000 0.000000 0.000000 0.000000 -1.000000 0.000000 1.000000 0.000000 87408.dat
1 1 0.000030 -13.501050 -0.498950 0.000000 0.000000 1.000000 0.000000 1.000000 0.000000 -1.000000 0.000000 0.000000 43093.dat
1 1 0.000000 -53.501050 -0.498960 0.000000 0.000000 1.000000 0.000000 1.000000 0.000000 -1.000000 0.000000 0.000000 43093.dat
0 NOFILE
0 FILE SubModel Group 2
0 SubModel Group 2
0 Name:  SubModel Group 2
0 Author:  
0 CustomBrick
0 NumOfBricks:  5
1 1 -10.000000 -26.392520 10.000000 0.000000 1.000000 0.000000 -1.000000 0.000000 0.000000 0.000000 0.000000 1.000000 4274.dat
1 72 0.000000 -16.392510 0.000000 0.000000 -1.000000 0.000000 0.000000 0.000000 -1.000000 1.000000 0.000000 0.000000 3648b.dat
1 1 10.000000 -26.392510 10.000000 0.000000 1.000000 0.000000 -1.000000 0.000000 0.000000 0.000000 0.000000 1.000000 4274.dat
1 1 -10.000000 -26.392510 -10.000000 0.000000 1.000000 0.000000 -1.000000 0.000000 0.000000 0.000000 0.000000 1.000000 4274.dat
1 1 10.000000 -26.392510 -10.000000 0.000000 1.000000 0.000000 -1.000000 0.000000 0.000000 0.000000 0.000000 1.000000 4274.dat
0 NOFILE
0 FILE SubModel Group 19
0 SubModel Group 19
0 Name:  SubModel Group 19
0 Author:  
0 CustomBrick
0 NumOfBricks:  9
1 19 3.562160 -37.525410 13.150240 0.000000 1.000000 -0.000002 0.000000 -0.000002 -1.000000 -1.000000 0.000000 0.000000 99008.dat
1 19 3.562130 -37.525410 -71.889790 0.000000 1.000000 0.000002 0.000000 -0.000002 1.000000 1.000000 0.000000 0.000000 43093.dat
1 0 3.562130 -37.525390 67.330260 -0.000002 1.000000 0.000000 -1.000000 -0.000002 0.000000 0.000000 0.000000 1.000000 61903.dat
1 16 3.562100 -74.525380 130.000000 -1.000000 -0.000002 0.000000 0.000002 -1.000000 0.000000 0.000000 0.000000 1.000000 submodel group 3
1 0 3.562130 -37.525400 -41.889790 -0.000002 1.000000 0.000000 -1.000000 -0.000002 0.000000 0.000000 0.000000 1.000000 61903.dat
1 71 3.562130 -37.525420 -74.819800 -0.173651 0.000000 -0.984808 0.984808 0.000000 -0.173651 0.000000 -1.000000 0.000000 87994.dat
0 NOFILE
0 FILE SubModel Group 3
0 SubModel Group 3
0 Name:  SubModel Group 3
0 Author:  
0 CustomBrick
0 NumOfBricks:  4
1 72 0.000090 -37.000010 18.220280 0.000000 1.000000 0.000000 -1.000000 0.000000 0.000000 0.000000 0.000000 1.000000 3648b.dat
1 14 0.000090 -37.000010 4.300260 1.000000 0.000000 0.000000 0.000000 1.000000 0.000000 0.000000 0.000000 1.000000 32123a.dat
1 72 0.000090 -37.000000 -9.779719 0.000000 0.000000 -1.000000 0.000000 1.000000 0.000000 1.000000 0.000000 0.000000 87083.dat
1 14 0.000090 -37.000010 -26.569730 1.000000 0.000000 0.000000 0.000000 1.000000 0.000000 0.000000 0.000000 1.000000 32123a.dat
0 NOFILE
0 FILE SubModel Group 20
0 SubModel Group 20
0 Name:  SubModel Group 20
0 Author:  
0 CustomBrick
0 NumOfBricks:  10
1 19 0.000000 4.000000 90.000000 1.000000 0.000000 0.000000 0.000000 1.000000 0.000000 0.000000 0.000000 1.000000 54200.dat
1 19 0.000000 4.000000 70.000000 1.000000 0.000000 0.000000 0.000000 1.000000 0.000000 0.000000 0.000000 1.000000 54200.dat
1 19 0.000000 4.000000 50.000000 1.000000 0.000000 0.000000 0.000000 1.000000 0.000000 0.000000 0.000000 1.000000 54200.dat
1 19 0.000000 4.000000 30.000000 1.000000 0.000000 0.000000 0.000000 1.000000 0.000000 0.000000 0.000000 1.000000 54200.dat
1 19 0.000000 4.000000 10.000000 1.000000 0.000000 0.000000 0.000000 1.000000 0.000000 0.000000 0.000000 1.000000 54200.dat
1 19 0.000000 4.000000 -10.000000 1.000000 0.000000 0.000000 0.000000 1.000000 0.000000 0.000000 0.000000 1.000000 54200.dat
1 19 0.000000 4.000000 -30.000000 1.000000 0.000000 0.000000 0.000000 1.000000 0.000000 0.000000 0.000000 1.000000 54200.dat
