0 FILE gingerbread-house.io
0 Untitled Model
0 Name:  gingerbread-house
0 Author:  Justin Wentz
0 CustomBrick
0 NumOfBricks:  240
1 15 39.999900 -7.999400 59.999800 0.000000 0.000000 -1.000000 0.000000 1.000000 0.000000 1.000000 0.000000 0.000000 3035.dat
1 15 -60.000000 -7.999400 19.999900 0.000000 0.000000 -1.000000 0.000000 1.000000 0.000000 1.000000 0.000000 0.000000 3028.dat
1 15 40.000000 -7.999400 -60.000200 1.000000 0.000000 0.000000 0.000000 1.000000 0.000000 0.000000 0.000000 1.000000 30565.dat
0 STEP
1 70 50.000200 -31.999400 99.999790 0.000000 0.000000 -1.000000 0.000000 1.000000 0.000000 1.000000 0.000000 0.000000 3004.dat
1 70 40.000100 -31.999400 19.999800 1.000000 0.000000 0.000000 0.000000 1.000000 0.000000 0.000000 0.000000 1.000000 3003.dat
1 70 -80.000300 -31.999400 40.000000 0.000000 0.000000 -1.000000 0.000000 1.000000 0.000000 1.000000 0.000000 0.000000 3001.dat
1 15 -70.000100 -31.999400 -30.000200 1.000000 0.000000 0.000000 0.000000 1.000000 0.000000 0.000000 0.000000 1.000000 3040b.dat
1 70 -19.999900 -31.999400 99.999900 1.000000 0.000000 0.000000 0.000000 1.000000 0.000000 0.000000 0.000000 1.000000 2456.dat
1 70 -89.999900 -31.999400 -10.000000 -0.000001 0.000000 1.000000 0.000000 1.000000 0.000000 -1.000000 0.000000 -0.000001 2357.dat
1 70 -90.000000 -31.999400 100.000000 0.000000 0.000000 -1.000000 0.000000 1.000000 0.000000 1.000000 0.000000 0.000000 3004.dat
1 70 40.000100 -31.999400 59.999800 1.000000 0.000000 0.000000 0.000000 1.000000 0.000000 0.000000 0.000000 1.000000 3003.dat
1 70 10.000000 -31.999400 -30.000200 0.000001 0.000000 -1.000000 0.000000 1.000000 0.000000 1.000000 0.000000 0.000001 2357.dat
1 70 -30.000100 -31.999400 -30.000100 1.000000 0.000000 0.000000 0.000000 1.000000 0.000000 0.000000 0.000000 1.000000 87087.dat
1 70 -50.000200 -31.999400 -30.000100 1.000000 0.000000 0.000000 0.000000 1.000000 0.000000 0.000000 0.000000 1.000000 87087.dat
0 STEP
1 70 -40.000200 -55.999400 -30.000100 1.000000 0.000000 0.000000 0.000000 1.000000 0.000000 0.000000 0.000000 1.000000 3004.dat
1 70 39.999700 -55.999400 20.000000 1.000000 0.000000 0.000000 0.000000 1.000000 0.000000 0.000000 0.000000 1.000000 3003.dat
1 70 50.000200 -55.999400 99.999790 0.000000 0.000000 -1.000000 0.000000 1.000000 0.000000 1.000000 0.000000 0.000000 3004.dat
1 70 39.999700 -55.999400 60.000200 1.000000 0.000000 0.000000 0.000000 1.000000 0.000000 0.000000 0.000000 1.000000 3003.dat
1 70 -20.000300 -55.999400 100.000100 1.000000 0.000000 0.000000 0.000000 1.000000 0.000000 0.000000 0.000000 1.000000 2456.dat
1 70 -80.000300 -55.999400 40.000000 0.000000 0.000000 -1.000000 0.000000 1.000000 0.000000 1.000000 0.000000 0.000000 3001.dat
1 70 -89.999900 -55.999400 -10.000000 -0.000001 0.000000 1.000000 0.000000 1.000000 0.000000 -1.000000 0.000000 -0.000001 2357.dat
1 70 -90.000000 -55.999400 100.000000 0.000000 0.000000 -1.000000 0.000000 1.000000 0.000000 1.000000 0.000000 0.000000 3004.dat
1 70 10.000000 -55.999400 -10.000200 -1.000000 0.000000 -0.000001 0.000000 1.000000 0.000000 0.000001 0.000000 -1.000000 2357.dat
1 70 -10.000000 -55.999400 -30.000200 1.000000 0.000000 0.000000 0.000000 1.000000 0.000000 0.000000 0.000000 1.000000 87087.dat
1 70 -70.000100 -55.999400 -30.000200 1.000000 0.000000 0.000000 0.000000 1.000000 0.000000 0.000000 0.000000 1.000000 87087.dat
0 STEP
1 70 -40.000000 -63.999400 -30.000100 1.000000 0.000000 0.000000 0.000000 1.000000 0.000000 0.000000 0.000000 1.000000 3666.dat
1 70 49.999800 -63.999400 60.000200 0.000000 0.000000 -1.000000 0.000000 1.000000 0.000000 1.000000 0.000000 0.000000 3666.dat
1 70 19.999900 -63.999400 60.000100 0.000000 0.000000 -1.000000 0.000000 1.000000 0.000000 1.000000 0.000000 0.000000 3020.dat
1 70 -39.999700 -63.999400 40.000000 0.000000 0.000000 -1.000000 0.000000 1.000000 0.000000 1.000000 0.000000 0.000000 3032.dat
1 70 -89.999900 -63.999400 110.000000 -0.000001 0.000000 1.000000 0.000000 1.000000 0.000000 -1.000000 0.000000 -0.000001 2420.dat
0 STEP
1 320 -10.000000 -45.999400 -48.000200 -1.000000 0.000000 -0.000001 -0.000001 0.000000 1.000000 0.000000 1.000000 0.000000 98138.dat
1 320 -69.999900 -45.999400 -48.000200 -1.000000 0.000000 -0.000001 -0.000001 0.000000 1.000000 0.000000 1.000000 0.000000 98138.dat
1 15 -69.999690 -71.999400 90.000100 1.000000 0.000000 0.000000 0.000000 1.000000 0.000000 0.000000 0.000000 1.000000 4073.dat
1 70 -89.999900 -71.999400 110.000000 -0.000001 0.000000 1.000000 0.000000 1.000000 0.000000 -1.000000 0.000000 -0.000001 2420.dat
0 STEP
1 15 -110.000000 -71.999400 110.000000 1.000000 0.000000 0.000000 0.000000 1.000000 0.000000 0.000000 0.000000 1.000000 4073.dat
1 15 -90.000200 -95.999400 110.000000 -1.000000 0.000000 0.000000 0.000000 1.000000 0.000000 0.000000 0.000000 -1.000000 3045.dat
1 15 -110.000000 -71.999400 130.000000 1.000000 0.000000 0.000000 0.000000 1.000000 0.000000 0.000000 0.000000 1.000000 4073.dat
1 15 -110.000000 -63.999400 130.000000 1.000000 0.000000 0.000000 0.000000 1.000000 0.000000 0.000000 0.000000 1.000000 4073.dat
1 34 -90.000000 -103.999400 110.000000 -1.000000 0.000000 -0.000001 0.000000 1.000000 0.000000 0.000001 0.000000 -1.000000 98138.dat
0 STEP
1 15 -58.653900 -134.850800 80.996700 0.363089 0.694088 0.621618 -0.886084 0.463525 0.000000 -0.288136 -0.550805 0.783321 2431.dat
1 15 -60.363300 -113.420900 82.352800 -0.363088 0.694088 -0.621618 0.886084 0.463525 0.000000 0.288136 -0.550805 -0.783320 60478.dat
0 STEP
1 70 -29.999700 -183.999400 50.000100 1.000000 0.000000 0.000000 0.000000 1.000000 0.000000 0.000000 0.000000 1.000000 2453.dat
0 STEP
1 70 -40.000200 -103.999400 -29.999900 1.000000 0.000000 0.000000 0.000000 1.000000 0.000000 0.000000 0.000000 1.000000 3023.dat
1 70 -40.000200 -95.999400 -29.999900 1.000000 0.000000 0.000000 0.000000 1.000000 0.000000 0.000000 0.000000 1.000000 3023.dat
1 70 -40.000200 -87.999400 -30.000200 1.000000 0.000000 0.000000 0.000000 1.000000 0.000000 0.000000 0.000000 1.000000 3004.dat
1 70 59.999600 -87.999300 60.000200 1.000000 0.000000 0.000000 0.000000 1.000000 0.000000 0.000000 0.000000 1.000000 3003.dat
0 STEP
1 15 -40.000200 -111.999400 -29.999900 1.000000 0.000000 0.000000 0.000000 1.000000 0.000000 0.000000 0.000000 1.000000 99781.dat
1 70 69.999690 -111.999400 50.000300 0.000000 0.000000 -1.000000 0.000000 1.000000 0.000000 1.000000 0.000000 0.000000 87087.dat
1 15 69.999500 -111.999300 60.000200 0.000000 0.000000 -1.000000 0.000000 1.000000 0.000000 1.000000 0.000000 0.000000 85984.dat
1 70 69.999690 -111.999400 70.000300 0.000000 0.000000 -1.000000 0.000000 1.000000 0.000000 1.000000 0.000000 0.000000 87087.dat
0 STEP
1 70 -10.000000 -111.999400 -30.000100 0.000000 0.000000 -1.000000 0.000000 1.000000 0.000000 1.000000 0.000000 0.000000 60481.dat
1 70 -70.000100 -111.999400 -30.000000 0.000000 0.000000 1.000000 0.000000 1.000000 0.000000 -1.000000 0.000000 0.000000 60481.dat
1 70 49.999800 -111.999300 30.000200 1.000000 0.000000 0.000000 0.000000 1.000000 0.000000 0.000000 0.000000 1.000000 60481.dat
1 70 49.999800 -111.999400 90.000000 -1.000000 0.000000 0.000000 0.000000 1.000000 0.000000 0.000000 0.000000 -1.000000 60481.dat
1 70 -39.999700 -111.999400 30.000000 -1.000000 0.000000 0.000000 0.000000 1.000000 0.000000 0.000000 0.000000 -1.000000 3245a.dat
1 70 -10.000000 -111.999300 60.000100 0.000000 0.000000 1.000000 0.000000 1.000000 0.000000 -1.000000 0.000000 0.000000 3245a.dat
0 STEP
1 70 -50.000200 -159.999400 -29.999600 0.000000 0.000000 1.000000 0.000000 1.000000 0.000000 -1.000000 0.000000 0.000000 60481.dat
1 70 -30.000100 -159.999400 -29.999900 0.000000 0.000000 -1.000000 0.000000 1.000000 0.000000 1.000000 0.000000 0.000000 60481.dat
1 70 -39.999700 -159.999400 30.000000 -1.000000 0.000000 0.000000 0.000000 1.000000 0.000000 0.000000 0.000000 -1.000000 3245a.dat
1 70 -10.000000 -159.999400 60.000100 0.000000 0.000000 1.000000 0.000000 1.000000 0.000000 -1.000000 0.000000 0.000000 3245a.dat
1 70 49.999800 -159.999300 50.000100 1.000000 0.000000 0.000000 0.000000 1.000000 0.000000 0.000000 0.000000 1.000000 60481.dat
1 70 49.999800 -159.999400 70.000000 -1.000000 0.000000 0.000000 0.000000 1.000000 0.000000 0.000000 0.000000 -1.000000 60481.dat
0 STEP
1 15 -40.000100 -41.999400 -48.000100 0.000000 0.000000 -1.000000 -1.000000 0.000000 0.000000 0.000000 1.000000 0.000000 3021.dat
0 STEP
1 320 -40.000000 -111.999400 -60.000000 1.000000 0.000000 0.000000 0.000000 0.000000 -1.000000 0.000000 1.000000 0.000000 4073.dat
1 288 -40.000200 -111.999400 -52.000000 1.000000 0.000000 0.000000 0.000000 0.000000 -1.000000 0.000000 1.000000 0.000000 4032a.dat
1 288 87.999690 -91.999400 60.000400 0.000000 -1.000000 0.000000 0.000000 0.000000 -1.000000 1.000000 0.000000 0.000000 4032a.dat
1 320 95.999690 -91.999400 60.000500 0.000000 -1.000000 0.000000 0.000000 0.000000 -1.000000 1.000000 0.000000 0.000000 4073.dat
1 320 -40.005900 -61.999400 -56.000100 1.000000 0.000000 0.000000 0.000000 0.000000 -1.000000 0.000000 1.000000 0.000000 3069b.dat
1 320 -40.000200 -31.999400 -56.000100 1.000000 0.000000 0.000000 0.000000 0.000000 -1.000000 0.000000 1.000000 0.000000 3068b.dat
0 STEP
1 70 -40.005300 -167.999400 30.000000 1.000000 0.000000 0.000000 0.000000 1.000000 0.000000 0.000000 0.000000 1.000000 15573.dat
1 70 -10.000000 -167.999300 60.005700 0.000000 0.000000 1.000000 0.000000 1.000000 0.000000 -1.000000 0.000000 0.000000 15573.dat
1 70 -40.005500 -167.999300 -29.999900 1.000000 0.000000 0.000000 0.000000 1.000000 0.000000 0.000000 0.000000 1.000000 15573.dat
1 70 49.999600 -167.999300 60.005600 0.000000 0.000000 1.000000 0.000000 1.000000 0.000000 -1.000000 0.000000 0.000000 15573.dat
0 STEP
1 70 -29.999700 -256.499400 50.000100 1.000000 0.000000 0.000000 0.000000 1.000000 0.000000 0.000000 0.000000 1.000000 14716.dat
1 70 -40.005500 -191.999300 0.000100 0.000000 0.000000 -1.000000 0.000000 1.000000 0.000000 1.000000 0.000000 0.000000 3659.dat
1 70 20.000000 -191.999300 60.005700 -1.000000 0.000000 0.000000 0.000000 1.000000 0.000000 0.000000 0.000000 -1.000000 3659.dat
1 15 -29.999700 -263.999400 50.000100 -0.000001 0.000000 1.000000 0.000000 1.000000 0.000000 -1.000000 0.000000 -0.000001 98138.dat
0 STEP
1 15 20.000100 -7.999400 129.999800 -1.000000 0.000000 0.000000 0.000000 1.000000 0.000000 0.000000 0.000000 -1.000000 85984.dat
1 15 -110.000000 -7.999400 -20.000000 0.000000 0.000000 1.000000 0.000000 1.000000 0.000000 -1.000000 0.000000 0.000000 85984.dat
1 15 -10.000000 -7.999300 129.999900 -1.000000 0.000000 0.000000 0.000000 1.000000 0.000000 0.000000 0.000000 -1.000000 50746.dat
1 15 -110.000000 -7.999400 59.999900 0.000000 0.000000 1.000000 0.000000 1.000000 0.000000 -1.000000 0.000000 0.000000 85984.dat
1 15 -30.000100 -7.999300 129.999900 -1.000000 0.000000 0.000000 0.000000 1.000000 0.000000 0.000000 0.000000 -1.000000 50746.dat
1 15 -110.000000 -7.999300 29.999800 0.000000 0.000000 1.000000 0.000000 1.000000 0.000000 -1.000000 0.000000 0.000000 50746.dat
1 15 -80.000300 -7.999400 129.999800 -1.000000 0.000000 0.000000 0.000000 1.000000 0.000000 0.000000 0.000000 -1.000000 85984.dat
1 15 -110.000000 -7.999400 100.000000 0.000000 0.000000 1.000000 0.000000 1.000000 0.000000 -1.000000 0.000000 0.000000 85984.dat
1 15 49.999800 -7.999400 129.999900 -1.000000 0.000000 0.000000 0.000000 1.000000 0.000000 0.000000 0.000000 -1.000000 50746.dat
1 15 -110.000000 -15.999400 129.999900 -1.000000 0.000000 -0.000001 0.000000 1.000000 0.000000 0.000001 0.000000 -1.000000 98138.dat
0 STEP
1 36 -30.000100 -15.999400 -70.000100 -1.000000 0.000000 -0.000001 0.000000 1.000000 0.000000 0.000001 0.000000 -1.000000 98138.dat
1 15 69.999900 -7.999400 59.999900 0.000000 0.000000 -1.000000 0.000000 1.000000 0.000000 1.000000 0.000000 0.000000 85984.dat
1 15 -90.000000 -7.999400 -50.000100 1.000000 0.000000 0.000000 0.000000 1.000000 0.000000 0.000000 0.000000 1.000000 50746.dat
1 15 69.999900 -7.999400 19.999800 0.000000 0.000000 -1.000000 0.000000 1.000000 0.000000 1.000000 0.000000 0.000000 85984.dat
1 15 0.000000 -7.999400 -50.000200 1.000000 0.000000 0.000000 0.000000 1.000000 0.000000 0.000000 0.000000 1.000000 85984.dat
1 15 30.000000 -15.999400 -20.005800 0.000000 0.000000 -1.000000 0.000000 1.000000 0.000000 1.000000 0.000000 0.000000 3069b.dat
1 15 -110.000000 -15.999400 -50.000100 -1.000000 0.000000 -0.000001 0.000000 1.000000 0.000000 0.000001 0.000000 -1.000000 98138.dat
1 36 -90.000000 -15.999400 -70.000100 -1.000000 0.000000 -0.000001 0.000000 1.000000 0.000000 0.000001 0.000000 -1.000000 98138.dat
1 34 -10.000000 -15.999400 -70.000100 -1.000000 0.000000 -0.000001 0.000000 1.000000 0.000000 0.000001 0.000000 -1.000000 98138.dat
1 57 70.000100 -15.999400 89.999790 -1.000000 0.000000 -0.000001 0.000000 1.000000 0.000000 0.000001 0.000000 -1.000000 98138.dat
1 15 30.000100 -15.999400 -50.000200 -1.000000 0.000000 -0.000001 0.000000 1.000000 0.000000 0.000001 0.000000 -1.000000 98138.dat
1 34 -30.000100 -15.999400 -90.000100 -1.000000 0.000000 -0.000001 0.000000 1.000000 0.000000 0.000001 0.000000 -1.000000 98138.dat
1 36 -50.000000 -15.999400 -90.000100 -1.000000 0.000000 -0.000001 0.000000 1.000000 0.000000 0.000001 0.000000 -1.000000 98138.dat
1 57 -50.000200 -15.999400 -70.000100 -1.000000 0.000000 -0.000001 0.000000 1.000000 0.000000 0.000001 0.000000 -1.000000 98138.dat
1 34 50.000000 -15.999400 -10.000200 -1.000000 0.000000 -0.000001 0.000000 1.000000 0.000000 0.000001 0.000000 -1.000000 98138.dat
1 36 30.000100 -15.999400 -70.000200 -1.000000 0.000000 -0.000001 0.000000 1.000000 0.000000 0.000001 0.000000 -1.000000 98138.dat
0 STEP
1 16 30.000000 -48.000000 20.000000 1.000000 0.000000 0.000000 0.000000 1.000000 0.000000 0.000000 0.000000 1.000000 roof2
0 STEP
1 16 -10.000000 -48.000000 -10.000000 1.000000 0.000000 0.000000 0.000000 1.000000 0.000000 0.000000 0.000000 1.000000 roof1
0 STEP
1 16 -90.000000 -48.000000 10.000000 1.000000 0.000000 0.000000 0.000000 1.000000 0.000000 0.000000 0.000000 1.000000 roof3
0 STEP
1 16 10.000000 -48.000000 120.000000 1.000000 0.000000 0.000000 0.000000 1.000000 0.000000 0.000000 0.000000 1.000000 roof4
1 70 -69.867760 -79.911340 89.895270 0.783320 0.000000 0.621619 0.000000 1.000000 0.000000 -0.621619 0.000000 0.783320 15712.dat
0 STEP
0 NOFILE
0 FILE Roof2
0 Roof2
0 Name:  Roof2
0 Author:  
0 CustomBrick
0 NumOfBricks:  27
1 15 -20.000300 -93.661300 0.506000 1.000000 0.000000 0.000000 0.000000 0.384910 -0.922954 0.000000 0.922954 0.384910 50304.dat
1 15 29.999600 -93.661190 0.505900 0.000000 0.000000 -1.000000 -0.922954 0.384910 0.000000 0.384910 0.922955 0.000000 3034.dat
0 STEP
1 15 9.994100 -161.347300 20.066000 1.000000 0.000000 0.000000 0.000000 0.384910 -0.922954 0.000000 0.922954 0.384910 3069b.dat
1 15 -10.005800 -142.888300 12.367900 1.000000 0.000000 0.000000 0.000000 0.384910 -0.922954 0.000000 0.922955 0.384910 3069b.dat
1 15 -20.000000 -115.194500 0.818100 0.000000 0.000000 -1.000000 -0.922954 0.384910 0.000000 0.384910 0.922955 0.000000 3069b.dat
1 15 -0.000100 -78.276400 -14.578200 0.000000 0.000000 -1.000000 -0.922954 0.384910 0.000000 0.384910 0.922954 0.000000 3069b.dat
1 15 39.999600 -133.653500 8.516600 0.000000 0.000000 -1.000000 -0.922954 0.384910 0.000000 0.384910 0.922954 0.000000 3069b.dat
1 15 9.999800 -41.363300 -29.972200 0.000000 0.000000 -1.000000 -0.922954 0.384910 0.000000 0.384910 0.922954 0.000000 3068b.dat
1 34 39.999700 -105.970200 -3.028600 -0.000001 0.000000 1.000000 0.922954 0.384910 0.000001 -0.384910 0.922954 0.000000 98138.dat
1 320 -20.000100 -161.347400 20.066000 -0.000001 0.000000 1.000000 0.922954 0.384910 0.000001 -0.384910 0.922954 0.000000 98138.dat
1 36 39.999900 -161.347400 20.066000 -0.000001 0.000000 1.000000 0.922954 0.384910 0.000001 -0.384910 0.922954 0.000000 98138.dat
1 15 -40.000000 -161.347400 20.066000 -0.000001 0.000000 1.000000 0.922954 0.384910 0.000001 -0.384910 0.922954 0.000000 98138.dat
1 57 19.999900 -142.888300 12.367800 -0.000001 0.000000 1.000000 0.922954 0.384910 0.000001 -0.384910 0.922954 0.000000 98138.dat
1 320 29.999400 -69.051900 -18.424800 -1.000000 0.000000 0.000000 0.000000 0.384910 0.922954 0.000000 0.922954 -0.384910 3023.dat
1 15 39.999600 -32.133800 -33.821500 1.000000 0.000000 0.000000 0.000000 0.384910 -0.922954 0.000000 0.922954 0.384910 49668.dat
1 15 -20.000100 -87.511100 -10.726800 -0.000001 0.000000 1.000000 0.922954 0.384910 0.000001 -0.384910 0.922954 0.000000 98138.dat
1 34 -40.000300 -142.888300 12.367800 -0.000001 0.000000 1.000000 0.922954 0.384910 0.000001 -0.384910 0.922954 0.000000 98138.dat
0 STEP
1 15 29.999800 -75.202100 -7.192300 -1.000000 0.000000 0.000000 0.000000 0.384910 0.922954 0.000000 0.922954 -0.384910 15068.dat
1 15 9.999800 -112.120300 8.204000 -1.000000 0.000000 0.000000 0.000000 0.384910 0.922954 0.000000 0.922954 -0.384910 15068.dat
1 15 39.999600 -38.284000 -22.588600 -1.000000 0.000000 0.000000 0.000000 0.384910 0.922954 0.000000 0.922954 -0.384910 11477.dat
0 STEP
1 70 39.999800 -90.582000 7.889400 0.000000 0.000000 -1.000000 -0.922954 0.384910 0.000000 0.384911 0.922955 0.000000 3666.dat
1 70 39.999600 -25.975200 -19.054000 1.000000 0.000000 0.000000 0.000000 0.384910 -0.922954 0.000000 0.922955 0.384910 3024.dat
1 15 -0.000300 -72.123000 0.191400 0.000000 0.000000 1.000000 0.922954 0.384910 0.000000 -0.384910 0.922955 0.000000 3710.dat
0 STEP
1 15 -0.000100 -50.584700 -0.123200 -0.000001 0.000000 1.000000 0.922954 0.384910 0.000001 -0.384910 0.922954 0.000000 60478.dat
1 70 -0.000100 -23.999400 20.000000 -0.000001 0.000000 1.000000 0.000000 1.000000 0.000000 -1.000000 0.000000 -0.000001 63868.dat
0 STEP
1 15 -0.000300 -87.502800 15.273200 0.000000 0.000000 1.000000 0.922954 0.384910 0.000000 -0.384910 0.922955 0.000000 3023.dat
1 15 -0.000300 -75.194000 18.807700 0.000000 0.000000 1.000000 0.922954 0.384910 0.000000 -0.384910 0.922954 0.000000 3623.dat
0 STEP
0 NOFILE
0 FILE Roof1
0 Roof1
0 Name:  Roof1
0 Author:  
0 CustomBrick
0 NumOfBricks:  25
1 15 9.629800 -93.681300 0.000100 0.000000 -0.923685 -0.383154 0.000000 0.383154 -0.923685 1.000000 0.000000 0.000000 50305.dat
1 15 9.630300 -93.681200 -40.000000 -0.383154 -0.923685 0.000000 -0.923685 0.383153 0.000000 0.000000 0.000000 -1.000000 3460.dat
0 STEP
1 320 -9.801000 -161.404500 -40.000000 0.383154 -0.923685 0.000000 0.923684 0.383153 0.000001 -0.000001 0.000000 1.000000 98138.dat
1 15 -2.138400 -142.930700 -30.005400 0.000000 -0.923685 -0.383154 0.000000 0.383154 -0.923684 1.000000 0.000000 0.000000 3069b.dat
1 15 -9.801200 -161.404300 -19.999900 0.000000 -0.923685 -0.383154 0.000000 0.383154 -0.923685 1.000000 0.000000 0.000000 3070b.dat
1 15 -9.801300 -161.404400 20.000300 0.000000 -0.923684 0.383154 -0.000001 0.383154 0.923685 -1.000000 0.000000 -0.000001 63864.dat
1 15 43.840600 -32.088400 -20.000100 0.000000 -0.923684 -0.383154 0.000000 0.383154 -0.923685 1.000000 0.000000 0.000000 49668.dat
1 15 9.354300 -115.225300 -39.999900 0.383154 -0.923685 0.000000 0.923685 0.383154 0.000000 0.000000 0.000000 1.000000 3069b.dat
1 15 43.839600 -32.088500 -39.999900 0.000000 -0.923685 -0.383154 0.000000 0.383153 -0.923685 1.000000 0.000000 0.000000 49668.dat
1 320 28.514200 -69.035900 -30.000000 0.000000 -0.923685 0.383154 0.000000 0.383154 0.923685 -1.000000 0.000000 0.000000 3023.dat
1 57 5.524800 -124.457000 -19.999900 0.383154 -0.923685 0.000000 0.923685 0.383154 0.000001 -0.000001 0.000000 1.000000 98138.dat
1 320 20.851300 -87.509600 0.000100 0.383154 -0.923685 0.000000 0.923684 0.383153 0.000001 -0.000001 0.000000 1.000000 98138.dat
1 320 -2.138000 -142.930700 0.000000 0.383154 -0.923685 0.000000 0.923684 0.383154 0.000001 -0.000001 0.000000 1.000000 98138.dat
1 15 1.691100 -133.699100 20.000100 0.383153 -0.923685 0.000000 0.923685 0.383153 0.000000 0.000000 0.000000 1.000000 3069b.dat
0 STEP
1 15 17.292800 -75.207600 -39.999900 0.000000 -0.923685 0.383154 0.000000 0.383154 0.923685 -1.000000 0.000000 0.000000 11477.dat
1 15 39.461400 -84.403100 -19.999800 0.000000 -0.923685 0.383154 0.000000 0.383153 0.923685 -1.000000 0.000000 0.000000 61678.dat
1 15 32.619300 -38.260200 -30.000100 0.000000 -0.923685 0.383154 0.000000 0.383154 0.923685 -1.000000 0.000000 0.000000 15068.dat
1 15 1.967200 -112.155000 0.000000 0.000000 -0.923685 0.383153 0.000000 0.383153 0.923685 -1.000000 0.000000 0.000000 11477.dat
0 STEP
1 70 2.240300 -90.616100 -39.999900 -0.383154 -0.923685 0.000000 -0.923685 0.383154 0.000000 0.000000 0.000000 -1.000000 3666.dat
1 70 29.061200 -25.958100 -39.999900 0.000000 -0.923685 -0.383154 0.000000 0.383153 -0.923685 1.000000 0.000000 0.000000 3024.dat
1 15 6.071900 -81.379100 0.000100 0.383154 -0.923685 0.000000 0.923685 0.383154 0.000000 0.000000 0.000000 1.000000 3623.dat
1 15 -5.149100 -87.550800 0.000100 0.383154 -0.923685 0.000000 0.923685 0.383154 0.000000 0.000000 0.000000 1.000000 3023.dat
0 STEP
1 70 -9.999700 -23.999400 0.000100 1.000000 0.000000 0.000001 0.000000 1.000000 0.000000 -0.000001 0.000000 1.000000 63868.dat
1 15 10.177600 -50.603400 0.000100 0.383153 -0.923685 0.000000 0.923685 0.383153 0.000001 -0.000001 0.000000 1.000000 60478.dat
0 STEP
1 15 -8.707100 -75.248700 0.000100 0.383154 -0.923685 0.000000 0.923685 0.383154 0.000000 0.000000 0.000000 1.000000 3623.dat
0 STEP
0 NOFILE
0 FILE Roof3
0 Roof3
0 Name:  Roof3
0 Author:  
0 CustomBrick
0 NumOfBricks:  42
1 15 10.616100 -93.645000 19.999900 0.386330 0.922361 0.000000 -0.922361 0.386330 0.000000 0.000000 0.000000 1.000000 3460.dat
1 15 10.504900 -93.661190 59.999900 0.000000 0.922954 -0.384911 0.000000 0.384910 0.922954 1.000000 0.000000 0.000000 50305.dat
1 15 10.615300 -93.645000 -30.000000 0.386330 0.922361 0.000000 -0.922361 0.386330 0.000000 0.000000 0.000000 1.000000 3035.dat
0 STEP
1 320 30.279600 -161.301000 -40.000000 -0.386330 0.922361 0.000000 0.922360 0.386330 0.000001 0.000001 0.000000 -1.000000 98138.dat
1 15 26.418400 -152.082500 -60.000000 -0.386330 0.922360 0.000000 0.922360 0.386330 0.000000 0.000000 0.000000 -1.000000 3069b.dat
1 15 26.418600 -152.082400 -20.000000 -0.386330 0.922360 0.000000 0.922360 0.386330 0.000000 0.000000 0.000000 -1.000000 3069b.dat
1 15 30.279700 -161.300900 0.000000 0.386330 0.922360 0.000000 -0.922360 0.386330 0.000000 0.000000 0.000000 1.000000 3070b.dat
1 15 18.691900 -133.635200 -40.000000 -0.386330 0.922361 0.000000 0.922361 0.386330 0.000000 0.000000 0.000000 -1.000000 3069b.dat
1 15 7.099400 -105.959300 -60.000000 0.386330 0.922361 0.000000 -0.922361 0.386330 0.000000 0.000000 0.000000 1.000000 3070b.dat
1 15 3.238900 -96.740900 -0.000100 -0.386330 0.922361 0.000000 0.922361 0.386330 0.000000 0.000000 0.000000 -1.000000 3069b.dat
1 15 -23.805500 -32.170400 -60.000100 0.000000 0.922361 0.386330 0.000000 0.386330 -0.922361 -1.000000 0.000000 0.000000 49668.dat
1 15 30.065100 -161.347400 39.999900 0.384910 0.922954 0.000000 -0.922954 0.384910 0.000000 0.000000 0.000000 1.000000 3070b.dat
1 15 -31.185400 -35.261100 -20.000100 0.000000 0.922361 0.386330 0.000000 0.386330 -0.922361 -1.000000 0.000000 0.000000 49668.dat
1 15 -19.942500 -41.394100 9.999900 0.386330 0.922361 0.000000 -0.922361 0.386330 0.000000 0.000000 0.000000 1.000000 3068b.dat
1 15 -23.821900 -32.133800 39.999800 0.000000 0.922954 0.384911 0.000000 0.384910 -0.922954 -1.000000 0.000000 0.000000 49668.dat
1 15 -23.821600 -32.133800 59.999800 0.000000 0.922954 0.384910 0.000000 0.384910 -0.922954 -1.000000 0.000000 0.000000 49668.dat
1 15 -23.821600 -32.133800 79.999690 0.000000 0.922954 0.384910 0.000000 0.384910 -0.922954 -1.000000 0.000000 0.000000 49668.dat
1 36 14.826500 -124.406500 -60.000000 -0.386330 0.922361 0.000000 0.922360 0.386330 0.000001 0.000001 0.000000 -1.000000 98138.dat
1 57 22.552900 -142.853700 0.000000 -0.386330 0.922361 0.000000 0.922361 0.386330 0.000001 0.000001 0.000000 -1.000000 98138.dat
1 34 7.099800 -105.959300 -40.000000 -0.386330 0.922361 0.000000 0.922360 0.386330 0.000001 0.000001 0.000000 -1.000000 98138.dat
1 320 30.280400 -161.300800 20.000000 -0.386330 0.922361 0.000000 0.922360 0.386330 0.000001 0.000001 0.000000 -1.000000 98138.dat
1 320 6.970300 -105.970100 59.999900 -0.384910 0.922954 0.000000 0.922954 0.384910 0.000001 0.000001 0.000000 -1.000000 98138.dat
1 320 -8.352600 -69.064800 -50.000000 0.000000 0.922361 0.386330 0.000000 0.386330 -0.922361 -1.000000 0.000000 0.000000 3023.dat
1 15 -8.426000 -69.051900 59.999800 0.384910 0.922954 0.000000 -0.922954 0.384910 0.000000 0.000000 0.000000 1.000000 3024.dat
1 15 18.690900 -133.630100 29.999900 0.386330 0.922361 0.000000 -0.922361 0.386330 0.000000 0.000000 0.000000 1.000000 3068b.dat
0 STEP
1 15 18.342700 -112.092200 -10.000100 0.000000 0.922361 -0.386330 0.000000 0.386330 0.922361 1.000000 0.000000 0.000000 15068.dat
1 15 2.889500 -75.197900 -50.000100 0.000000 0.922361 -0.386330 0.000000 0.386330 0.922361 1.000000 0.000000 0.000000 15068.dat
1 15 -12.564400 -38.303400 -50.000000 0.000000 0.922361 -0.386330 0.000000 0.386330 0.922361 1.000000 0.000000 0.000000 15068.dat
1 15 2.806700 -75.202000 59.999800 0.000000 0.922954 -0.384910 0.000000 0.384910 0.922954 1.000000 0.000000 0.000000 11477.dat
1 15 -12.589000 -38.284100 49.999900 0.000000 0.922954 -0.384911 0.000000 0.384910 0.922954 1.000000 0.000000 0.000000 15068.dat
1 15 -12.588800 -38.284100 79.999800 0.000000 0.922954 -0.384910 0.000000 0.384910 0.922954 1.000000 0.000000 0.000000 11477.dat
1 15 -4.838100 -56.750700 9.999900 0.000000 0.922361 -0.386330 0.000000 0.386330 0.922361 1.000000 0.000000 0.000000 15068.dat
1 15 10.616100 -93.645000 19.999800 0.000000 0.922361 -0.386330 0.000000 0.386330 0.922361 1.000000 0.000000 0.000000 11477.dat
0 STEP
1 15 -26.974200 -66.022500 -20.000100 0.000000 0.922361 -0.386330 0.000000 0.386330 0.922361 1.000000 0.000000 0.000000 61678.dat
1 15 -19.342800 -84.439990 39.999800 0.000000 0.922954 -0.384911 0.000000 0.384910 0.922954 1.000000 0.000000 0.000000 61678.dat
0 STEP
1 70 17.994600 -90.554400 -60.000100 0.386330 0.922361 0.000000 -0.922361 0.386330 0.000000 0.000000 0.000000 1.000000 3666.dat
1 70 -9.048800 -25.989100 -60.000000 0.000000 0.922361 0.386330 0.000000 0.386330 -0.922361 -1.000000 0.000000 0.000000 3024.dat
1 15 2.542300 -53.660100 10.000000 0.000000 0.922361 -0.386330 0.000000 0.386330 0.922361 1.000000 0.000000 0.000000 3020.dat
0 STEP
1 70 30.000300 -23.999400 40.000000 -1.000000 0.000000 -0.000001 0.000000 1.000000 0.000000 0.000001 0.000000 -1.000000 63868.dat
1 70 30.000100 -23.999300 -20.000000 -1.000000 0.000000 -0.000001 0.000000 1.000000 0.000000 0.000001 0.000000 -1.000000 63868.dat
1 15 9.920500 -50.569400 -20.000000 -0.386330 0.922361 0.000000 0.922361 0.386330 0.000001 0.000001 0.000000 -1.000000 60478.dat
1 15 9.877000 -50.584600 40.000000 -0.384910 0.922954 0.000000 0.922954 0.384910 0.000001 0.000001 0.000000 -1.000000 60478.dat
0 STEP
0 NOFILE
0 FILE Roof4
0 Roof4
0 Name:  Roof4
0 Author:  
0 CustomBrick
0 NumOfBricks:  42
1 15 30.000100 -93.671210 -20.437400 0.000000 0.000000 1.000000 -0.923321 0.384028 0.000000 -0.384028 -0.923322 0.000000 3035.dat
1 15 -19.999600 -93.671210 -20.437500 0.000000 0.000000 1.000000 -0.923321 0.384028 0.000000 -0.384028 -0.923322 0.000000 3460.dat
1 15 -59.999700 -93.671310 -20.437500 1.000000 0.000000 0.000000 0.000000 0.384028 0.923321 0.000000 -0.923322 0.384028 50304.dat
0 STEP
1 320 40.000200 -161.376100 -39.932700 0.000001 0.000000 -1.000000 0.923321 0.384028 0.000001 0.384028 -0.923321 0.000000 98138.dat
1 34 40.000200 -105.976700 -16.891100 0.000001 0.000000 -1.000000 0.923321 0.384028 0.000001 0.384028 -0.923321 0.000000 98138.dat
1 57 -39.999800 -142.909600 -32.252200 0.000001 0.000000 -1.000000 0.923321 0.384028 0.000001 0.384028 -0.923322 0.000000 98138.dat
1 15 -59.999600 -105.976800 -16.891100 -1.000000 0.000000 -0.000001 0.000001 0.384028 -0.923321 0.000000 -0.923322 -0.384028 98138.dat
1 15 -29.994000 -124.443200 -24.571700 -1.000000 0.000000 0.000000 0.000000 0.384028 -0.923321 0.000000 -0.923321 -0.384028 3069b.dat
1 15 60.000000 -161.376000 -39.932800 0.000000 0.000000 1.000000 -0.923321 0.384028 0.000000 -0.384028 -0.923322 0.000000 3070b.dat
1 15 -10.000100 -161.376000 -39.933000 1.000000 0.000000 0.000000 0.000000 0.384028 0.923321 0.000000 -0.923322 0.384028 2431.dat
1 15 10.000300 -142.909500 -32.252300 1.000000 0.000000 0.000000 0.000000 0.384028 0.923321 0.000000 -0.923322 0.384028 2431.dat
1 15 60.000000 -115.215300 -20.733500 0.000000 0.000000 -1.000000 0.923321 0.384028 0.000000 0.384028 -0.923322 0.000000 3069b.dat
1 15 50.000500 -69.043800 -1.529800 1.000000 0.000000 0.000000 0.000000 0.384028 0.923321 0.000000 -0.923322 0.384028 3023.dat
1 15 -10.000000 -41.344200 9.990800 0.000000 0.000000 1.000000 -0.923321 0.384028 0.000000 -0.384028 -0.923322 0.000000 3068b.dat
1 15 -59.999800 -32.110900 13.830900 -1.000000 0.000000 0.000000 0.000000 0.384028 -0.923321 0.000000 -0.923322 -0.384028 49668.dat
1 15 -39.999700 -32.110900 13.830900 -1.000000 0.000000 0.000000 0.000000 0.384028 -0.923321 0.000000 -0.923322 -0.384028 49668.dat
1 15 20.000200 -32.110900 13.831200 -1.000000 0.000000 0.000000 0.000000 0.384028 -0.923321 0.000000 -0.923321 -0.384028 49668.dat
1 15 60.000300 -32.110900 13.831000 -1.000000 0.000000 0.000000 0.000000 0.384028 -0.923321 0.000000 -0.923322 -0.384028 49668.dat
1 320 60.000100 -142.909600 -32.252200 0.000001 0.000000 -1.000000 0.923321 0.384028 0.000001 0.384028 -0.923321 0.000000 98138.dat
1 320 0.000000 -87.510300 -9.210500 0.000001 0.000000 -1.000000 0.923321 0.384028 0.000001 0.384028 -0.923321 0.000000 98138.dat
1 15 40.000100 -124.443200 -24.571700 0.000000 0.000000 1.000000 -0.923321 0.384028 0.000000 -0.384028 -0.923321 0.000000 3070b.dat
1 15 -59.999800 -69.043900 -1.530100 0.000000 0.000000 1.000000 -0.923322 0.384028 0.000000 -0.384028 -0.923322 0.000000 3024.dat
1 15 -79.999690 -32.111000 13.831000 0.000000 0.000000 1.000000 -0.923321 0.384028 0.000000 -0.384028 -0.923321 0.000000 3024.dat
1 15 40.000200 -32.111000 13.831100 0.000000 0.000000 1.000000 -0.923321 0.384028 0.000000 -0.384028 -0.923322 0.000000 3024.dat
0 STEP
1 15 -19.999800 -93.671210 -20.437200 1.000000 0.000000 0.000000 0.000000 0.384028 0.923321 0.000000 -0.923321 0.384028 11477.dat
1 15 10.000100 -112.137600 -28.118000 1.000000 0.000000 0.000000 0.000000 0.384028 0.923321 0.000000 -0.923321 0.384028 15068.dat
1 15 -59.999800 -75.204900 -12.756900 1.000000 0.000000 0.000000 0.000000 0.384028 0.923321 0.000000 -0.923322 0.384028 11477.dat
1 15 -49.999800 -38.272000 2.604200 1.000000 0.000000 0.000000 0.000000 0.384028 0.923322 0.000000 -0.923322 0.384028 15068.dat
1 15 50.000200 -38.271900 2.604200 1.000000 0.000000 0.000000 0.000000 0.384028 0.923322 0.000000 -0.923322 0.384028 15068.dat
1 15 -9.999599 -56.738400 -5.076400 1.000000 0.000000 0.000000 0.000000 0.384028 0.923321 0.000000 -0.923321 0.384028 15068.dat
1 15 -79.999690 -38.272000 2.604100 1.000000 0.000000 0.000000 0.000000 0.384028 0.923321 0.000000 -0.923322 0.384028 11477.dat
1 15 20.000200 -35.183100 21.217600 0.000000 0.000000 1.000000 -0.923321 0.384028 0.000000 -0.384028 -0.923322 0.000000 3024.dat
0 STEP
1 15 -39.999700 -84.421500 9.403000 1.000000 0.000000 0.000000 0.000000 0.384028 0.923321 0.000000 -0.923322 0.384028 61678.dat
1 15 20.000000 -65.955000 17.083400 1.000000 0.000000 0.000000 0.000000 0.384028 0.923322 0.000000 -0.923322 0.384028 61678.dat
1 15 50.000200 -75.204700 -12.756700 1.000000 0.000000 0.000000 0.000000 0.384028 0.923322 0.000000 -0.923322 0.384028 15068.dat
0 STEP
1 70 60.000100 -90.599000 -27.824200 0.000000 0.000000 1.000000 -0.923321 0.384028 0.000000 -0.384028 -0.923322 0.000000 3666.dat
1 15 -19.999700 -53.666200 -12.463000 1.000000 0.000000 0.000000 0.000000 0.384028 0.923321 0.000000 -0.923322 0.384028 3021.dat
1 70 60.000100 -25.966500 -0.942100 -1.000000 0.000000 0.000000 0.000000 0.384028 -0.923321 0.000000 -0.923322 -0.384028 3024.dat
0 STEP
1 70 -39.999900 -23.999300 -39.999800 0.000001 0.000000 -1.000000 0.000000 1.000000 0.000000 1.000000 0.000000 0.000001 63868.dat
1 70 -0.000200 -23.999400 -39.999900 0.000001 0.000000 -1.000000 0.000000 1.000000 0.000000 1.000000 0.000000 0.000001 63868.dat
1 15 -39.999700 -50.593900 -19.849600 0.000001 0.000000 -1.000000 0.923321 0.384028 0.000001 0.384028 -0.923322 0.000000 60478.dat
1 15 0.000100 -50.593900 -19.849600 0.000001 0.000000 -1.000000 0.923321 0.384028 0.000001 0.384028 -0.923322 0.000000 60478.dat
0 STEP
0 NOFILE
